Book 01 Cabinet -0.00611444 0.434784 -0.000530481 0 0 0
Lamp 03 Dresser 0.408876 0.528372 0.00427553 0 270 0
Figurine 01 Cabinet 0.000475317 -0.221834 0.0024097 0 0 0
Flower 01 NightTable 0.0706794 0.350181 0.0834875 0 0 0
Clock 01 NightTable -0.0572991 0.275181 0.0682765 0 -56.4742 0
Notebook 03 BedSheet -0.00705802 0.144572 0.00605154 0 -455.566 0
Map 01 Dresser 0.16655 0.428033 0.0154821 0 270 0
Pen 03 Cabinet -0.00042437 0.0940648 -0.000463724 0 0 0
LoudSpeaker 01 Dresser -0.434467 0.418464 -0.0519894 0 270 0
GiftBox 03 Cabinet -0.000980318 -0.537643 -0.0014677 0 0 0
Laptop 01 BedSheet 0.248896 0.219718 0.00826716 0 -375.678 0
