Lamp 03 Dresser -0.255683 0.524634 -0.00524931 0 270 0
Book 05 Cabinet -0.046412 0.441167 -0.00538635 0 0 0
PhotoFrame 03 Dresser -0.0795521 0.402674 -0.0182693 0 -86.4692 0
Doll 03 BedSheet 0.0228806 0.198953 -0.366712 0 -433.42 0
Flower 05 Dresser 0.0559568 0.478176 0.0206286 0 270 0
Clock 01 NightTable -0.0405338 0.275181 0.0635207 0 -55.3481 0
Notebook 02 BedSheet -0.465688 0.144572 0.0142293 0 -442.77 0
Plant 01 Cabinet 0.000576317 -0.223416 0.000686169 0 0 0
StackBoox 01 Cabinet 0.0126162 0.0616716 0.000341415 0 0 0
Map 01 NightTable 0.0236936 0.300541 -0.0691363 0 -53.652 0
LoudSpeaker 01 Dresser 0.25169 0.418464 -0.0246675 0 270 0
GiftBox 06 Cabinet 0.00073199 -0.513365 0.00233173 0 0 0
Laptop 01 BedSheet -0.0881411 0.219718 0.00704241 0 -398.75 0
