Book 01 Dresser 0 0 0 0 270 0
Lamp 02 NightTable -0.464833 0.524575 -0.00502941 0 270 0
PhotoFrame 01 Dresser 0.281916 0.402673 -0.013169 0 270 0
Doll 02 BedSheet 0.0600407 0.269572 -0.399351 0 -415.64 0
Figurine 02 Cabinet 0.03725 -0.0697059 -0.00439334 0 0 0
Flower 07 Cabinet 0.00410779 -0.269221 -0.00034976 0 0 0
Clock 01 Cabinet 0.0372306 0.360276 -0.000905514 0 0 0
Notebook 01 BedSheet -0.31196 0.144572 0.0394516 0 -405.232 0
Plant 05 Cabinet 0.0540156 0.349399 0.0737318 0 -45.4875 0
StackBoox 02 Dresser -0.21374 0.35368 -0.0333235 0 270 0
Map 01 Cabinet -0.0598843 0.300541 0.0687498 0 -87.5596 0
Pen 03 Cabinet 0.0368515 0.145375 0.00199175 0 0 0
LoudSpeaker 01 Dresser 0.0132682 0.290972 -0.0898424 0 -73.2124 0
GiftBox 07 Cabinet 0.000327721 -0.545979 -0.000375509 0 0 0
Laptop 02 BedSheet 0.00543571 0.219683 0.0423987 0 -426.107 0
