Book 01 Dresser -0.30712 0.427673 -0.0249506 0 270 0
Lamp 02 NightTable -0.00011301 0.397083 0.000415742 0 270 0
Doll 02 BedSheet 0.215839 0.269572 0.328269 0 -415.64 0
Figurine 02 Cabinet 0.00865512 0.0939754 0.0851738 0 0 0
Clock 01 Cabinet -0.00574568 0.409784 -0.0918469 0 0 0
Plant 05 Cabinet -0.00232476 -0.147616 0.171693 0 -45.4875 0
StackBoox 02 Dresser 0.0650535 0.35368 0.0314167 0 270 0
Map 01 Cabinet 0.0065731 0.119335 -0.0376787 0 -87.5596 0
Pen 03 Cabinet 0.00748762 0.409874 0.0303245 0 0 0
LoudSpeaker 01 Dresser 0.306158 0.418464 -0.0144314 0 -73.2124 0
GiftBox 07 Cabinet -0.000450313 -0.583934 0.0049305 0 0 0
Laptop 02 BedSheet -0.0020647 0.219683 -0.0487733 0 -426.107 0
