Book Cabinet -0.0504274 0.492965 0.00112581 0 180 0
PhotoFrame Desk 0.13105 0.320574 -0.358645 0 0 0
MechanicalModel Cabinet 0.0500336 -0.102773 -0.162409 0 180 0
Figurine NightTable -0.0850068 0.275181 -0.110122 0 0 0
Notebook Desk 0.0878018 0.270574 0.0984714 0 0 0
Plant Cabinet -0.0284591 -0.542211 -0.0480592 0 180 0
Clock NightTable 0.0576406 0.275181 -0.097583 0 0 0
Football FloorProxy -0.649207 0.0590142 -0.565694 0 -101.64 0
Doll BedSheet 0.183996 0.22752 -0.334129 0 0 0
LoudSpeaker FloorProxy -0.245294 0.0907906 0.542792 0 -42.1769 0
Cap Cabinet -0.0148981 -0.347632 0.105563 0 180 0
Laptop Desk -0.112036 0.34572 0.19407 0 0 0
TrashBin FloorProxy 0.413357 0.15033 0.0411026 0 -83.4831 0
SkaterShoe FloorProxy -0.00679517 0.0840284 -0.311187 0 -124.071 0
Earphone NightTable -0.0229599 0.266845 0.0714959 0 0 0
Cup Desk 0.0134105 0.320574 0.256557 0 0 0
Magazine Cabinet 0.0924151 0.397965 -0.00357676 0 180 0
Backpack FloorProxy -0.811975 0.149054 0.0899923 0 -39.3863 0
Book Desk -0.112418 0.345985 -0.197781 0 0 0
Lamp Desk 0.0905174 0.446273 -0.175433 0 0 0
PhotoFrame Cabinet 0.0996318 0.210094 0.133117 0 180 0
Figurine Cabinet -0.0276949 0.210094 0.103042 0 180 0
Notebook BedSheet 0.256122 0.10252 0.0891218 0 0 0
Clock Cabinet 0.0237272 -0.0525995 0.0437644 0 180 0
Doll FloorProxy 0.291377 0.15 -0.398315 0 -97.1798 0
Cap BedSheet 0.0663056 0.115358 0.222017 0 0 0
Magazine FloorProxy 0.809047 0.005 -0.0679393 0 -31.0218 0
MechanicalModel FloorProxy 0.570653 0.0248267 0.466569 0 -126.437 0
Figurine Desk -0.0658461 0.320949 0.356755 0 0 0
Earphone FloorProxy 0.429106 0.0666641 -0.490468 0 -40.0455 0
