Book 01 Cabinet -0.0283051 0.492965 -0.0079608 0 180 0
Lamp 01 Desk -0.0697522 0.446273 -0.366829 0 0 0
Clock 01 NightTable 0 0.275181 -0.1 0 -60 0
LoudSpeaker 01 Desk -0.121262 0.336364 0.314109 0 0 0
Laptop 01 Desk 0.0854251 0.34572 0.00855613 0 0 0
Notebook 02 BedSheet 0.115472 0.010252 0.52651 0 0 0
Telephone 01 Cabinet -0.0267164 0.160094 -0.1689702 0 180 0
Cap 02 Cabinet -0.0267164 0.160094 0.0689702 0 180 0
Map 01 Desk -0.157124 0.354588 0.067806 0 0 0
Gundam 01 Cabinet -0.08 -0.050 -0.13 0 180 0
MechanicalModel 01 Cabinet -0.06 -0.100 0.10 0 180 0
MP3 01 NightTable 0.0528006 0.259195 0.1239 0 0 0
Earphone 01 BedSheet 0.407089 0.115358 0.106379 0 0 0
Cup 03 Desk 0.13356 0.320574 -0.25513 0 0 0
PSP 02 BedSheet -0.115472 0.10252 0.52651 0 -75 0
Backpack 01 FloorProxy -0.5 0.15 0 0 30 90
SkaterShoe 01 FloorProxy 0.0 0.15 0 0 -135 0
Football 01 Cabinet -0.06 -0.3300 0.10 0 180 0
Plant 01 Cabinet -0.06 -0.5300 0.10 0 180 0

