10.JPG 235 212 150 224 195 119 195 160 74 235 212 150 224 195 119
11.JPG 226 215 215 218 200 201 235 233 229 226 215 215 218 200 201
210823.jpg 248 229 191 196 175 108 251 229 197 247 230 199 250 229 202
210936.jpg 200 212 223 200 212 223 200 212 223 200 212 223 200 212 223
210958.jpg 217 219 206 223 224 219 217 219 206 223 224 219 217 219 206
211109.jpg 56 132 166 241 234 224 74 131 156 239 236 226 208 229 233
211766.jpg 250 239 214 250 233 210 249 230 197 252 229 198 243 248 224
211885.jpg 237 224 208 235 226 210 237 224 208 235 226 210 237 224 208
211897.jpg 243 234 205 233 218 182 247 231 207 229 205 170 243 234 205
211901.jpg 181 173 135 181 173 135 181 173 135 181 173 135 181 173 135
211918.jpg 180 163 128 193 182 158 163 138 95 172 150 117 158 130 90
211972.jpg 217 213 210 212 211 207 210 211 206 217 213 210 212 211 207
212005.jpg 233 204 200 230 198 202 226 192 177 220 175 181 229 217 192
213017.jpg 197 180 170 105 90 82 197 180 170 105 90 82 197 180 170
23.JPG 219 205 142 198 183 115 219 205 142 198 183 115 219 205 142
7.JPG 220 210 157 177 166 101 249 242 202 220 210 157 177 166 101
9.JPG 223 227 156 203 208 114 162 169 65 212 227 160 223 227 156
