Lamp 03 NightTable -0.114834 0.447187 -0.0964412 0 -79.3649 0
PhotoFrame 03 NightTable 0.142051 0.325227 0.119804 0 -63.9012 0
Doll 02 BedSheet -0.0167913 0.269572 -0.0530031 0 -435.204 0
Figurine 03 SideTable 0.0022704 0.290265 2.38419e-07 0 0 0
Flower 04 NightTable 0.0972624 0.341204 -0.0560041 0 -66.7454 0
Clock 03 Cabinet 0 0.277543 -0.059019 0 270 0
Notebook 02 NightTable -0.0888057 0.275227 0.0707635 0 -87.2451 0
Plant 04 Cabinet 0 -0.586204 0 0 270 0
StackBoox 03 Cabinet 0 -0.311145 -0.027279 0 270 0
Map 01 Cabinet 0 0.0228425 -0.043149 0 270 0
Pen 01 Cabinet 0 0.557677 -0.0748898 0 270 0
GiftBox 01 BedSheet 0.257216 0.194504 0.661596 0 -364.391 0
Cup 01 NightTable 0.0313861 0.325227 0.121752 0 -62.407 0
