Lamp 03 NightTable 0.184383 0.447187 -0.121519 0 -80.8797 0
Book 01 Cabinet 0 0.302543 -0.059019 0 270 0
PhotoFrame 01 NightTable 0.160105 0.325226 -0.0140436 0 -77.4409 0
Doll 03 Cabinet 0.175179 0.00186342 -0.0415415 0 270 0
Figurine 01 Cabinet -0.0158871 -0.00251703 -0.0335733 0 270 0
Flower 02 SideTable 0.0022704 0.36489 2.38419e-07 0 0 0
Clock 02 NightTable -0.129189 0.325226 -0.107869 0 -54.5543 0
Notebook 01 NightTable -0.0949702 0.275227 0.0378315 0 -67.4787 0
Plant 01 Cabinet 0 -0.28416 -0.027279 0 270 0
StackBoox 01 Cabinet -0.00510445 0.5253 -0.0747954 0 270 0
Map 01 NightTable 0.120926 0.350586 0.0750772 0 -81.1585 0
Pen 03 Cabinet -0.145606 0.557693 -0.0758882 0 270 0
GiftBox 01 Cabinet 0 -0.562706 0 0 270 0
Cup 04 NightTable 0.0368571 0.30018 -0.0890485 0 -54.7946 0
