Book 01 Cabinet -0.0438137 0.492965 -0.000695944 0 180 0
PhotoFrame 01 Cabinet 0.0777848 0.210094 -0.114977 0 180 0
Figurine 01 Desk -0.094844 0.320574 -0.293853 0 0 0
Clock 01 NightTable 0.0414379 0.275181 -0.103541 0 -78.0959 0
Telephone 01 NightTable -0.0348967 0.224285 -0.111358 0 -66.3938 0
Notebook 01 Desk 0.109199 0.270574 0.361971 0 0 0
TrashBin 01 FloorProxy 0.551327 0.15033 -0.379023 0 -38.7197 0
Football 01 Cabinet -0.0593894 -0.0685853 0.0650992 0 180 0
SkaterShoe 01 FloorProxy -0.722659 0.0840284 0.14883 0 -82.3661 0
GameHandle 01 BedSheet 0.408931 0.103658 0.553735 0 -453.848 0
Lamp 02 Desk 0.0102645 0.442475 -0.154167 0 0 0
Book 02 Desk -0.100251 0.345985 0.185827 0 0 0
PhotoFrame 02 Cabinet 0.0660181 0.210094 0.183732 0 180 0
Figurine 02 Desk -0.194974 0.320574 0.0779884 0 0 0
Clock 02 Cabinet 0.0912259 0.467965 -0.000728846 0 180 0
Plant 02 Cabinet -0.000552893 -0.294876 -0.100039 0 180 0
Telephone 02 Desk -0.098482 0.248883 -0.401863 0 0 0
Doll 02 BedSheet 0.0710452 0.22752 0.160234 0 -364.12 0
Flower 02 NightTable -0.0491609 0.350181 0.0854522 0 -84.5987 0
Notebook 02 FloorProxy -0.38082 0.0250001 0.562979 0 -100.985 0
PhotoFrame 03 Desk 0.107401 0.320574 -0.0813532 0 0 0
Figurine 03 Cabinet -0.0238638 -0.0522245 -0.135738 0 180 0
Plant 03 Cabinet 0.0271475 -0.288599 0.181762 0 180 0
Doll 03 BedSheet -0.239444 0.1569 -0.0218012 0 -431.216 0
Flower 03 Desk 0.0895457 0.395574 0.111937 0 0 0
