Book 01 Cabinet -0.0444684 0.492965 0.00676417 0 180 0
PhotoFrame 01 NightTable 0.0187636 0.275181 -0.141002 0 -82.4439 0
Figurine 01 Desk 0.16024 0.320574 -0.14692 0 0 0
Clock 01 NightTable 0.088505 0.275181 0.014614 0 -52.9901 0
Plant 01 Cabinet -0.0282073 -0.312053 0.067997 0 180 0
Telephone 01 Desk 0.109805 0.269677 0.137221 0 0 0
Doll 01 FloorProxy 0.595428 0.15 0.269688 0 -82.6701 0
Flower 01 NightTable -0.0395491 0.350181 0.0238386 0 -59.3266 0
Notebook 01 Desk 0.0695689 0.270574 -0.0146496 0 0 0
Football 01 Cabinet 0.0694036 0.194108 -0.0193629 0 180 0
GameHandle 01 BedSheet -0.31134 0.103658 0.285335 0 -403.734 0
Pen 01 Desk 0.131224 0.320646 -0.246639 0 0 0
SkaterShoe 01 FloorProxy -0.311653 0.0840284 -0.407132 0 -135.41 0
Book 02 Desk -0.0968979 0.345985 -0.0723128 0 0 0
PhotoFrame 02 Cabinet 0.0821607 0.467965 0.00342393 0 180 0
Clock 02 Cabinet -0.0545621 0.210094 -0.0961585 0 180 0
Plant 02 Cabinet -0.0281389 -0.0370049 -0.0953453 0 180 0
Telephone 02 NightTable 0.0149195 0.20349 0.0544763 0 -67.6737 0
Doll 02 BedSheet -0.419505 0.22752 0.467309 0 -386.727 0
Notebook 02 FloorProxy 0.745572 0.0250001 0.330364 0 -36.1599 0
Lamp 02 Desk 0.020941 0.442475 0.339429 0 0 0
PhotoFrame 03 Desk -0.178087 0.320574 0.31303 0 0 0
Plant 03 Cabinet 0.0101161 -0.0307281 0.16073 0 180 0
Doll 03 FloorProxy 0.117343 0.0793805 0.363222 0 -71.9471 0
