Bear 01 BedSheet -0.42025 0.27752 0.439962 0 -396.652 0
Cup 04 Desk 0.0345471 0.295527 0.2422 0 0 0
Magazine 03 Chair -0.0313529 -0.00663202 -0.0141265 0 180 0
Notebook 03 Desk 0.118804 0.270574 -0.216595 0 0 0
LoudSpeaker 01 Cabinet -0.0408406 0.225885 0.0992818 0 180 0
Map 01 Cabinet -0.0505211 -0.02724 0.109215 0 180 0
Laptop 02 Desk -0.0788545 0.345684 -0.0789819 0 0 0
Mirror 01 Desk 0.11581 0.345574 0.356564 0 0 0
MakeUp 01 Cabinet -0.0799518 0.443141 -0.116217 0 180 0
Flower 06 Desk -0.118514 0.426925 0.35269 0 0 0
GiftBox 03 Cabinet 0.00490189 -0.540629 -0.0512242 0 180 0
Cup 01 NightTable 0.076598 0.275181 0.0634453 0 -57.3092 0
Notebook 01 FloorProxy 0.499844 0.025 0.510749 0 -123.405 0
MakeUp 02 Cabinet 0.054837 0.44209 -0.0739102 0 180 0
Doll 03 BedSheet 0.378664 0.1569 -0.31289 0 -398.937 0
Flower 03 NightTable -0.0509785 0.350181 0.0718341 0 -85.9391 0
GiftBox 05 Cabinet -0.0291796 -0.349428 0.0345094 0 180 0
MakeUp 01 Cabinet 0.0667171 0.18527 0.0243983 0 180 0
