Flower 02 NightTable -0.123435 0.350181 0.0330673 0 -45.9696 0
GiftBox 07 Cabinet -0.0438764 -0.0988906 0.155468 0 180 0
Handbag 03 BedSheet -0.0659201 0.218406 -0.293015 0 -450.761 0
Cup 02 NightTable 0.0755769 0.255156 -0.00225693 0 -64.5453 0
Magazine 03 Chair -0.021641 -0.00663202 0.0348265 0 180 0
LoudSpeaker 01 Desk -0.108397 0.336364 0.260791 0 0 0
Laptop 02 Desk -0.0550577 0.345684 0.0123446 0 0 0
Map 01 Cabinet -0.0187504 0.235454 -0.0722928 0 180 0
Mirror 01 Desk 0.169223 0.345574 0.24714 0 0 0
MakeUp 01 Cabinet -0.0748441 0.443141 0.10101 0 180 0
EiffelTower 02 Cabinet -0.0555923 0.235135 0.212288 0 180 0
Doll 04 BedSheet -0.0892788 0.227711 -0.0570273 0 -377.604 0
Flower 03 NightTable -0.0263194 0.350181 -0.0234867 0 -78.5862 0
GiftBox 05 Cabinet -0.0247152 -0.349428 -0.0569754 0 180 0
GirlShoe 02 Cabinet -0.0304942 -0.572869 -0.159434 0 180 0
Cup 04 Desk -0.0366133 0.295527 -0.244674 0 0 0
MakeUp 02 Cabinet 0.0518327 0.44209 0.00611234 0 180 0
