Flower 01 NightTable 0.0828276 0.350181 0.0533389 0 -45.9696 0
GiftBox 01 Cabinet -0.0066607 -0.0526673 -0.121796 0 180 0
GirlShoe 01 Cabinet -0.0415466 -0.325949 0.173878 0 180 0
Handbag 01 BedSheet 0.0693774 0.235276 -0.0771996 0 -450.761 0
Cup 01 NightTable 0.0574592 0.275181 -0.0716383 0 -64.5453 0
Magazine 01 Chair -0.0144802 -0.00663202 -0.000351429 0 180 0
LoudSpeaker 01 Desk -0.0975165 0.336364 -0.344006 0 0 0
Laptop 01 Desk -0.0522105 0.34572 0.068779 0 0 0
Map 01 Cabinet -0.00581455 0.235454 0.049459 0 180 0
Mirror 01 Desk 0.0918517 0.345574 0.270396 0 0 0
MakeUp 01 Cabinet 0.0712814 0.443141 -0.020263 0 180 0
EiffelTower 01 Cabinet -0.00238705 0.235605 -0.105505 0 180 0
Doll 02 BedSheet 0.335473 0.22752 0.14724 0 -377.604 0
Flower 02 NightTable -0.0243471 0.350181 0.0743937 0 -78.5862 0
GiftBox 02 Cabinet 0.00564146 -0.0531153 0.145772 0 180 0
GirlShoe 02 Cabinet -0.0150211 -0.342711 0.00304389 0 180 0
Cup 02 Desk 0.0928516 0.300549 -0.32766 0 0 0
MakeUp 02 Cabinet -0.0529187 0.44209 -0.0131738 0 180 0
