Flower 03 NightTable -0.0883026 0.350181 -0.0336298 0 -54.7259 0
Bear 01 FloorProxy 0.469954 0.2 0.309188 0 -85.6035 0
GiftBox 03 Cabinet 0.00699902 -0.540629 0.0688071 0 180 0
Cup 01 Desk 0.101536 0.320574 -0.209976 0 0 0
Magazine 01 Cabinet 0.0182247 0.397965 -0.1132 0 180 0
Notebook 02 Desk 0.0198182 0.270574 0.273431 0 0 0
LoudSpeaker 01 Desk -0.113943 0.336364 -0.342844 0 0 0
Map 01 Cabinet -0.0105546 -0.02724 0.161262 0 180 0
Laptop 02 Desk 0.00917852 0.345684 0.00699544 0 0 0
Mirror 01 Desk -0.112237 0.345574 0.263533 0 0 0
MakeUp 01 Cabinet -0.0725167 0.18527 -0.0797167 0 180 0
Doll 02 BedSheet -0.297167 0.22752 0.239147 0 -383.215 0
Bear 02 BedSheet 0.227902 0.277775 -0.190224 0 -402.035 0
GiftBox 05 Cabinet 0.0097816 -0.349428 0.135159 0 180 0
Cup 02 NightTable 0.00194509 0.255156 -0.028896 0 -54.5708 0
Magazine 02 Chair -0.0118593 -0.00663202 -0.00576234 0 180 0
Notebook 03 FloorProxy 0.729136 0.0250001 -0.0218568 0 -104.427 0
MakeUp 02 Cabinet 0.0557139 0.18422 0.128678 0 180 0
Doll 04 Desk -0.00164187 0.307549 -0.232944 0 0 0
Flower 05 Window -0.0560974 0.844582 -0.00287735 0 270 0
Magazine 03 Cabinet -0.0181978 0.397965 0.152912 0 180 0
MakeUp 01 Cabinet 0.0452929 -0.0774232 -0.0807977 0 180 0
