StackBoox 01 Cabinet -0.192351 0.428986 0.0433796 0 270 0
Figurine 02 Cabinet 0.00411463 0.0968948 -0.00022772 0 270 0
RemoteControl 04 CoffeeTable 0.530846 0.200661 0.0814199 0 90 0
Pad 02 CoffeeTable -0.0491756 0.198594 0.0649457 0 270 0
PhotoFrame 02 SideTable 0.0801141 0.299944 -0.00746655 0 270 0
Earphone 01 Cabinet -0.00102282 0.452954 -0.0320587 0 270 0
Flower 03 CoffeeTable -0.363941 0.345465 -0.0105753 0 90 0
DigitalScale 02 FloorProxy 1.07087 0.0184512 -0.689605 0 -30.7105 0
Telephone 01 CoffeeTable 0.375 0.219569 -0.032294 0 90 0
MP3 02 CoffeeTable 0.13439 0.201563 0.186261 0 90 0
Lamp 03 SideTable -0.105368 0.421905 -0.135031 0 270 0
Figurine 03 SideTable -0.057945 -0.0852991 -0.00346392 0 270 0
PhotoFrame 01 Dresser -0.109388 0.425 -0.0590574 0 180 0
Plant 01 Cabinet -0.00111437 -0.269083 3.41982e-05 0 270 0
Flower 01 CoffeeTable 0.155615 0.345465 -0.0250568 0 90 0
Telephone 02 SideTable -0.0242078 0.228253 -0.00557864 0 270 0
Lamp 01 Dresser 0.00891495 0.550699 0.388858 0 180 0
Figurine 01 SideTable 0.0488608 -0.0856741 0.00022006 0 270 0
PhotoFrame 03 Cabinet 0.239963 0.46129 -0.00349176 0 270 0
Plant 02 Cabinet -0.00079155 -0.616301 0.000410527 0 270 0
Flower 07 Dresser -0.00817537 0.440475 -0.00241876 0 180 0
