StackBoox 02 CoffeeTable 0.286132 0.221472 -0.0359454 0 90 0
Figurine 03 SideTable -0.153677 0.300319 -0.0583646 0 270 0
Pad 01 CoffeeTable 0.0761251 0.198592 0.0654731 0 90 0
PhotoFrame 02 SideTable 0.155049 0.299944 -0.0407509 0 270 0
Plant 02 SideTable 0.0978565 -0.0700795 -0.00514978 0 270 0
Earphone 01 CoffeeTable -0.373813 0.262129 -0.173164 0 90 0
Flower 04 CoffeeTable -0.512151 0.286443 0.028471 0 90 0
DigitalScale 01 FloorProxy 1.55574 0.035457 1.01117 0 -127.111 0
Telephone 01 CoffeeTable 0.550442 0.219569 -0.0362533 0 90 0
MP3 03 CoffeeTable -0.329448 0.198469 0.163553 0 90 0
Cup 02 CoffeeTable -0.260441 0.250441 -0.00763893 0 90 0
Figurine 02 Cabinet 0.00574398 -0.631895 -0.000739828 0 270 0
PhotoFrame 01 SideTable 0.0242038 0.299944 -0.0160752 0 270 0
Plant 01 Dresser -0.0157833 0.423417 0.163796 0 180 0
Book 02 Cabinet -0.000199795 0.486701 -0.000518531 0 270 0
Telephone 02 SideTable -0.112219 0.228253 0.072653 0 270 0
Lamp 03 Dresser 0.0124316 0.546961 -0.395681 0 180 0
Cup 04 SideTable 0.0390773 0.274898 0.0725195 0 270 0
Figurine 01 Cabinet -0.00370598 -0.2675 0.000273705 0 270 0
PhotoFrame 03 Cabinet 0.0036931 0.0968948 -0.000191376 0 270 0
Plant 05 Dresser -0.000142574 0.499218 -0.132867 0 180 0
Flower 06 SideTable -0.0878532 0.0206774 -0.00115347 0 270 0
