Flower 01 TvCabinet -0.158334 0.173257 0.000717282 0 0 0
Candle 04 CoffeeTable -0.043598 0.385365 0.354928 0 0 0
Goblet 01 CoffeeTable 0.1625275 0.367216 0.0661936 0 0 0
Vase 01 TvCabinet -0.0303082 0.172712 0.0470062 0 0 0
CrystalBall 01 TvCabinet -0.0303082 0.172712 -0.4470062 0 0 0
GiftBox 01 TvCabinet -0.0938695 0.148189 1.02476 0 0 0
DVD 01 TvCabinet 0.0134089 0.1073 0.614978 0 0 0
Flower 04 CoffeeTable -0.15 0.283611 -0.281935 0 0 0
PhotoFrame 01 TvCabinet -0.00758481 0.148257 -0.125289 0 0 0
Figurine 01 Cabinet -0.0575997 -0.100753 0.0690649 0 0 0
Plant 02 Cabinet 0 -0.08753 -0.2690649 0 0 0
Flower 06 FloorProxy -0.8 0.2 2.5 0 0 0
GiftBox 04 Cabinet 0.05 0.340753 0.0690649 0 0 0
StackBoox 04 CoffeeTable 0.2 0.285365 -0.404928 0 0 0
