Flower 04 Carpet -0.00991964 0.0909775 0.361479 0 270 0
StackBoox 01 CoffeeTable -0.209646 0.223126 0.144305 0 90 0
PhotoFrame 03 Cabinet -0.00673866 0.354373 -0.00191003 0 270 0
Candle 02 Dresser -0.00486898 0.386773 -0.203483 0 180 0
Figurine 02 Cabinet 0.000246048 -0.19583 0.00253665 0 270 0
Goblet 02 Cabinet -0.140265 0.0958592 -0.0807799 0 270 0
Lamp 01 Dresser 0.00945544 0.551184 0.000457287 0 180 0
RemoteControl 04 CoffeeTable 0.18628 0.185625 -0.150742 0 90 0
Pad 01 CoffeeTable -0.0145576 0.183556 0.00394058 0 90 0
Plant 01 CoffeeTable 0.402852 0.253847 -0.00273001 0 90 0
Vase 01 Cabinet 0.00173926 -0.451694 0.00107339 0 270 0
Earphone 01 CoffeeTable -0.397664 0.247094 -0.0659375 0 90 0
