Flower 05 CoffeeTable 0.243381 0.330932 0.000184536 0 90 0
StackBoox 01 CoffeeTable 0.00391996 0.223126 -0.15364 0 90 0
Candle 01 CoffeeTable 0.293857 0.302183 -0.214621 0 90 0
Figurine 01 Cabinet -0.00623539 0.354373 3.06964e-06 0 270 0
Goblet 01 CoffeeTable -0.423449 0.30528 0.0626488 0 90 0
Lamp 03 Dresser 0.0107772 0.547446 -0.331072 0 180 0
RemoteControl 01 CoffeeTable 0.0873353 0.197701 0.120424 0 90 0
Pad 01 Dresser 0.0385828 0.353612 0.00667024 0 180 0
Plant 02 Dresser 0.00679088 0.441079 0.307861 0 180 0
Vase 01 Cabinet -0.00401896 -0.171375 0.000561297 0 270 0
Book 04 Cabinet -0.0013774 -0.451149 0.000212193 0 270 0
Earphone 01 Cabinet -0.0075781 0.0710933 -0.000535965 0 270 0
