Flower 01 CoffeeTable -0.258878 0.33043 0.0053947 0 90 0
StackBoox 02 Cabinet -0.00808862 0.305379 -5.30779e-05 0 270 0
PhotoFrame 03 Dresser 0.137275 0.425485 -0.0254524 0 180 0
Candle 04 CoffeeTable 0.165045 0.379364 -0.169834 0 90 0
Figurine 03 Cabinet -0.00725099 0.0798042 -0.00150633 0 270 0
Goblet 02 CoffeeTable 0.340577 0.27186 -0.156022 0 90 0
Lamp 02 Dresser 0.00234771 0.547386 0.315277 0 180 0
RemoteControl 04 CoffeeTable -0.0134429 0.185625 0.182071 0 90 0
Pad 02 CoffeeTable -0.00646472 0.183558 -0.0653527 0 90 0
Plant 01 Dresser -0.0094378 0.423902 -0.0264461 0 180 0
Vase 02 Cabinet -0.00254658 -0.17083 6.76513e-05 0 270 0
Book 02 Cabinet -0.000982255 -0.450738 6.1512e-05 0 270 0
