Flower 01 CoffeeTable 0.475329 0.33043 -0.023644 0 90 0
StackBoox 01 Cabinet 0.000121951 0.5253 -0.0643554 0 270 0
PhotoFrame 01 Dresser 0.0284128 0.425485 -0.0909264 0 180 0
Candle 03 CoffeeTable 0.381881 0.202068 0.118555 0 90 0
Figurine 03 Dresser 0.00573325 0.42586 0.00922585 0 180 0
Goblet 05 CoffeeTable -0.287619 0.297307 -0.154297 0 90 0
Lamp 02 Dresser 0.00469732 0.547386 0.307403 0 180 0
RemoteControl 01 CoffeeTable 0.153003 0.197701 -0.0938849 0 90 0
Pad 02 CoffeeTable 0.0114665 0.183558 -0.0583291 0 90 0
Plant 01 Cabinet 0.000417829 -0.00409963 -0.0427454 0 270 0
Vase 01 Cabinet 0.000245929 0.301998 -0.0576939 0 270 0
Book 02 Cabinet -0.000583827 -0.257166 -0.0278482 0 270 0
Earphone 01 CoffeeTable 0.291946 0.247094 -0.141995 0 90 0
