Flower 01 CoffeeTable 0.464336 0.33043 0.141093 0 90 0
StackBoox 01 CoffeeTable -0.428788 0.223126 0.0390832 0 90 0
Candle 01 Dresser -0.00471354 0.472238 -0.448546 0 180 0
Figurine 03 Cabinet 7.59959e-05 -0.00214203 -0.0448276 0 270 0
Goblet 01 Cabinet -0.0412174 0.327394 -0.0550843 0 270 0
Lamp 01 Dresser 0.00744295 0.551184 0.00302243 0 180 0
RemoteControl 01 CoffeeTable -0.0153754 0.197701 -0.000411749 0 90 0
Plant 01 Cabinet -0.000712991 -0.564221 -0.000362456 0 270 0
Vase 01 Cabinet 0.000317931 -0.258123 -0.0258949 0 270 0
Book 03 Cabinet 0.000869751 0.582798 -0.0750477 0 270 0
Earphone 01 CoffeeTable 0.120752 0.247094 0.103248 0 90 0
Telephone 01 CoffeeTable -0.289101 0.204533 -0.0831658 0 90 0
MP3 03 CoffeeTable 0.329283 0.183433 0.135811 0 90 0
Cup 04 CoffeeTable -0.130873 0.230383 0.0313325 0 90 0
CrystalBall 03 CoffeeTable 0.322737 0.279761 -0.136719 0 90 0
