Flower 01 CoffeeTable -0.41957 0.33043 0.138921 0 90 0
StackBoox 02 Cabinet 0.00692987 0.50861 -0.065707 0 270 0
PhotoFrame 03 Cabinet -0.174131 0.557604 -0.0750032 0 270 0
Candle 04 CoffeeTable 0.113297 0.379364 -0.15306 0 90 0
Figurine 01 Cabinet -0.000265926 0.277543 -0.0580819 0 270 0
Goblet 05 CoffeeTable -0.465311 0.297307 -0.050451 0 90 0
Lamp 02 Dresser 0.0142014 0.547386 0.173275 0 180 0
RemoteControl 04 CoffeeTable 0.335326 0.185625 0.175164 0 90 0
Pad 02 CoffeeTable -0.133879 0.183558 0.101422 0 90 0
Plant 05 Dresser 0.0054543 0.499702 -0.0108134 0 180 0
Vase 02 Cabinet 0.000821769 -0.257578 -0.0277118 0 270 0
Book 04 Cabinet 0.000880361 -0.537638 0.000511914 0 270 0
Earphone 01 Cabinet -0.000151962 -0.0108529 -0.0437199 0 270 0
Telephone 01 CoffeeTable 0.409321 0.204533 -0.0562966 0 90 0
MP3 03 CoffeeTable 0.425375 0.183433 0.124775 0 90 0
Cup 02 CoffeeTable 0.241515 0.235405 0.00960994 0 90 0
CrystalBall 02 Dresser -0.0381279 0.41982 -0.20667 0 180 0
