Book 02 Cabinet 0.0286832 0.486701 0.0292757 0 270 0
PhotoFrame 02 Cabinet -0.13343 0.46129 -0.150915 0 270 0
Doll 03 SideTable -0.115718 0.29427 0.135434 0 0 0
Figurine 01 SideTable -0.0272224 0.28989 -0.0711266 0 0 0
Flower 04 NightTable -0.096659 0.341204 0.0569789 0 -62.5594 0
GiftBox 05 SideTable -0.171061 0.250932 -0.150957 0 0 0
LoudSpeaker 01 NightTable 0.106449 0.341017 -0.0527013 0 -53.9816 0
StackBoox 03 SideTable 0.0933273 0.261322 0.21404 0 0 0
EiffelTower 03 Cabinet 0.157291 -0.242516 -0.0598943 0 270 0
Vase 01 NightTable 0.0971447 0.349681 0.115536 0 -55.7793 0
Basketball 01 FloorProxy 1.0626 0.0990477 -0.308736 0 -57.3019 0
Cap 02 BedSheet 0.251175 0.158425 -0.057556 0 -391.44 0
SkaterShoe 04 FloorProxy -0.654543 0.0462839 0.433292 0 -126.811 0
Pen 02 Cabinet -0.14396 0.0965759 0.109219 0 270 0
PhotoFrame 03 Cabinet 0.00717354 0.46129 0.147593 0 270 0
Doll 01 Cabinet 0.177547 0.171895 0.00192548 0 270 0
Figurine 03 Cabinet 0.00165319 -0.267125 -0.0802771 0 270 0
Flower 02 SideTable 0.10286 0.36489 0.0291998 0 0 0
GiftBox 04 Cabinet -0.161395 -0.603158 -0.0494447 0 270 0
Vase 02 NightTable -0.117435 0.350226 -0.126479 0 -54.3222 0
Cap 01 FloorProxy 0.880931 0.0378385 0.408034 0 -132.777 0
MechanicalModel 01 Cabinet -0.0703056 0.122275 -0.118884 0 270 0
