214257.jpg 152 138 136 145 130 133 74 58 55 76 57 60 143 129 140
214261.jpg 111 97 135 99 97 134 129 129 152 138 129 153 77 59 109
214262.jpg 133 63 89 107 36 66 104 33 80 133 62 108 83 12 46
214264.jpg 187 136 157 204 169 182 189 139 173 206 170 195 159 91 120
214272.jpg 183 168 163 185 168 174 215 207 223 199 184 197 132 108 96
214276.jpg 129 88 100 81 58 78 78 69 77 155 83 95 87 77 81
214284.jpg 146 171 164 170 196 198 85 113 89 97 127 117 119 141 123
214292.jpg 163 74 50 196 121 96 128 37 16 218 167 144 157 79 84
214436.jpg 253 253 253 15 21 15 19 23 16 212 212 201 12 17 9
214442.jpg 171 147 125 225 209 194 240 236 218 183 167 138 248 251 242
214449.jpg 166 118 88 196 159 132 125 74 44 10 136 141 49 161 168
214726.jpg 126 93 37 144 113 70 124 87 38 143 115 69 81 47 6
214734.jpg 210 193 179 178 155 131 101 78 52 209 199 181 183 166 137
214763.jpg 150 156 55 142 138 65 69 60 7 86 66 44 92 73 59
214767.jpg 146 110 76 166 150 114 198 171 137 184 155 104 127 121 104
214771.jpg 181 191 121 163 174 98 104 119 81 95 112 59 45 61 46
214789.jpg 199 58 13 180 167 152 184 177 161 177 149 79 70 82 78
214814.jpg 241 231 226 217 74 118 214 101 134 243 242 233 214 149 165
214856.jpg 225 93 35 230 216 200 229 219 198 219 107 53 226 194 167
214864.jpg 201 197 182 154 138 119 181 167 150 157 144 121 209 212 201
214868.jpg 229 223 209 234 224 213 26 26 19 18 18 18 86 90 81
214898.jpg 219 217 201 233 236 228 232 226 220 231 237 231 236 232 233
214923.jpg 158 149 145 107 7 17 157 155 149 118 33 40 158 144 147
214944.jpg 165 160 170 169 162 169 176 170 172 179 173 172 166 164 174
214965.jpg 220 222 213 218 222 212 215 222 215 236 236 236 239 239 241
215175.jpg 210 201 189 158 135 110 209 202 187 137 108 13 58 84 87
215223.jpg 203 166 138 179 121 92 152 62 51 227 208 195 181 130 134
215257.jpg 124 140 135 79 102 110 110 126 128 141 155 143 159 168 152
215281.jpg 118 117 107 159 153 146 50 47 37 55 49 42 62 64 55
215307.jpg 68 87 99 39 58 70 115 128 137 17 35 48 75 85 102
215318.jpg 6 77 45 25 85 59 46 93 74 83 118 105 53 106 66
215350.jpg 211 182 161 187 164 153 233 222 195 202 185 155 168 143 145
215371.jpg 115 120 139 99 107 129 132 144 150 179 193 190 51 61 69
215377.jpg 183 113 86 155 84 56 169 133 115 205 181 103 224 219 194
215403.jpg 231 213 198 156 132 113 93 68 50 236 229 212 61 38 20
215408.jpg 206 204 192 109 134 158 113 129 158 211 203 196 148 161 169
215436.jpg 218 207 183 220 204 184 166 144 118 108 83 56 171 155 127
215440.jpg 235 228 206 170 155 125 236 220 200 170 149 123 105 89 59
215454.jpg 82 63 43 101 83 66 83 69 44 61 42 21 94 84 64
215525.jpg 188 166 105 216 200 142 114 94 40 188 162 126 125 98 62
215530.jpg 191 158 132 171 132 100 219 195 157 159 117 119 166 157 89
215713.jpg 170 150 92 164 149 111 210 111 123 171 116 89 221 214 195
215733.jpg 66 52 50 70 53 57 93 79 77 84 69 73 19 12 10
215740.jpg 168 162 168 224 222 216 163 160 167 27 73 88 16 16 16
215749.jpg 83 79 93 95 93 108 225 225 220 227 228 223 65 60 76
215761.jpg 110 156 174 87 138 157 198 189 132 64 74 51 177 167 99
215762.jpg 165 48 55 107 47 53 184 31 37 184 50 48 142 23 19
