Flower 06 CoffeeTable 0.00181234 0.40107 0.357644 0 0 0
StackBoox 01 CoffeeTable 0.11128 0.262414 -0.209382 0 0 0
Figurine 03 Cabinet 0.00219619 0.0988467 -0.0537939 0 270 0
Goblet 03 Cabinet 0.00286925 0.441352 -0.0638205 0 270 0
DVD 03 TvCabinet -0.00207588 0.291002 -0.0220404 0 0 0
RemoteControl 02 CoffeeTable -0.0949183 0.227838 0.158236 0 0 0
LoudSpeaker 01 TvCabinet -0.0990688 0.35629 -0.638151 0 0 0
Pad 02 CoffeeTable 0.0763801 0.222847 0.0100875 0 0 0
Plant 04 TvCabinet -0.00399336 0.316933 0.546187 0 0 0
Vase 01 Cabinet 0.000434995 -0.140288 -0.0464721 0 270 0
Earphone 01 TvCabinet 0.0464358 0.332163 -0.391827 0 0 0
