Flower 03 CoffeeTable -0.0012691 0.369718 0.352322 0 0 0
StackBoox 03 CoffeeTable 0.103784 0.266151 -0.332363 0 0 0
PhotoFrame 01 Cabinet -0.00028801 0.375099 0.112509 0 270 0
Candle 01 CoffeeTable -0.0098443 0.341471 -0.509632 0 0 0
Figurine 03 Cabinet -0.000128031 0.0988467 -0.0537227 0 270 0
Goblet 03 CoffeeTable -0.238959 0.360972 0.35662 0 0 0
DVD 01 TvCabinet 0.0094524 0.299542 0.00422931 0 0 0
RemoteControl 01 CoffeeTable -0.156685 0.236989 -0.283948 0 0 0
LoudSpeaker 01 TvCabinet -0.104428 0.35629 0.465944 0 0 0
Pad 01 CoffeeTable 0.106213 0.222845 -0.0141802 0 0 0
Plant 03 TvCabinet 0.0013096 0.362371 -0.424791 0 0 0
Vase 02 Cabinet 0.000600815 -0.139743 -0.0462199 0 270 0
Earphone 01 TvCabinet 0.0640955 0.332163 0.411086 0 0 0
