Flower 04 CoffeeTable 0.00131178 -0.0489047 0.350699 0 0 0
StackBoox 02 CoffeeTable 0.115076 0.245822 -1.4782e-05 0 0 0
Figurine 03 Cabinet 0.00012207 0.375474 -0.0544777 0 270 0
Goblet 03 CoffeeTable -0.241771 0.361069 -0.245323 0 0 0
DVD 04 TvCabinet 0.0116221 0.326051 0.481743 0 0 0
RemoteControl 04 TvCabinet 0.092536 0.270695 -0.598588 0 0 0
LoudSpeaker 01 TvCabinet -0.00739059 0.35629 -0.252872 0 0 0
Pad 01 CoffeeTable -0.0498924 -0.136755 0.00288701 0 0 0
Plant 04 TvCabinet 0.0955964 0.316933 -0.00510454 0 0 0
Vase 02 Cabinet -0.00144064 -0.139743 -0.0475595 0 270 0
Earphone 01 Cabinet 0.000161648 0.0901358 -0.0157173 0 270 0
