Flower 07 Cabinet 0.00126696 0.390574 -0.0379425 0 180 0
StackBoox 01 CoffeeTable 0.106549 0.262414 -0.0172453 0 0 0
Candle 03 CoffeeTable 0.247593 0.241357 -0.417287 0 0 0
Figurine 01 TvCabinet -0.00278701 0.340499 0.384986 0 0 0
Goblet 01 CoffeeTable -0.0998359 0.344569 0.492314 0 0 0
DVD 04 TvCabinet 6.57141e-05 0.326051 -0.10089 0 0 0
RemoteControl 01 CoffeeTable 0.153761 0.236989 0.191278 0 0 0
LoudSpeaker 01 TvCabinet -0.0558495 0.35629 0.637322 0 0 0
Pad 02 CoffeeTable -0.122132 0.222847 -0.0107019 0 0 0
Plant 04 TvCabinet 0.0328 0.316933 -0.628506 0 0 0
Vase 02 Cabinet -0.000356674 -0.139743 -0.0468954 0 270 0
Earphone 01 Cabinet -0.000461578 0.0901358 -0.0169161 0 270 0
