Lamp 03 Desk -0.0742781 0.442535 0.30469 0 0 0
Book 02 Desk -0.110331 0.345985 -0.113558 0 0 0
PhotoFrame 01 Cabinet 0.00118351 0.467965 0.0131531 0 180 0
Figurine 03 Cabinet 0.00069499 -0.310095 0.0100007 0 180 0
Flower 07 Desk 0.0608233 0.336049 0.248723 0 0 0
Clock 02 Cabinet 0.000639439 0.210094 0.0122581 0 180 0
Notebook 01 Desk 0.0417861 0.270574 0.0332425 0 0 0
Plant 05 Desk 0.0325731 0.394791 -0.26467 0 0 0
StackBoox 02 Cabinet -0.000727654 -0.101593 0.00994205 0 180 0
Telephone 02 NightTable 0.000259101 0.20349 0.001661 0 0 0
