Lamp 03 NightTable -0.0382497 0.397142 0.0841451 0 -77.2005 0
Book 01 Cabinet 0.00169039 0.492965 0.00601029 0 180 0
PhotoFrame 03 Cabinet -0.101866 0.467965 0.00863028 0 180 0
Doll 03 BedSheet -0.00589001 0.17514 -0.000370741 0 -393.125 0
Figurine 02 Cabinet 0.000386 0.210094 -0.121121 0 180 0
Flower 04 Cabinet -0.00127816 -0.036622 0.0127299 0 180 0
Notebook 02 Desk 0.111354 0.270574 -0.0491817 0 0 0
Plant 02 Cabinet -0.000962019 -0.294876 0.0111494 0 180 0
StackBoox 01 Cabinet -0.0263176 0.17779 0.0104105 0 180 0
Map 01 Cabinet 0.00279212 -0.02724 -0.162577 0 180 0
Pen 01 Desk 0.00304024 0.320646 -0.158642 0 0 0
LoudSpeaker 01 NightTable -0.0410405 0.290972 -0.107308 0 -87.5225 0
GiftBox 07 Cabinet 0.000884056 -0.58692 -0.0156715 0 180 0
Laptop 02 Desk -0.0751771 0.345684 0.0400083 0 0 0
Cup 01 Desk 0.116105 0.320574 0.0945058 0 0 0
Cap 01 Desk -0.025114 0.283412 -0.307011 0 0 0
TrashBin 01 FloorProxy 0.297684 0.21033 0.0743303 0 -86.7168 0
Earphone 01 Desk -0.0613472 0.312238 0.327566 0 0 0
Telephone 02 Desk -0.145789 0.248883 -0.180544 0 0 0
Clock 01 NightTable 0.0466765 0.275181 0.0453805 0 -53.4048 0
