Lamp 03 Desk 0.0265 0.442535 -0.357402 0 0 0
Book 02 Desk -0.118981 0.345985 0.185376 0 0 0
PhotoFrame 01 Cabinet 0.000401974 0.467965 0.010587 0 180 0
Figurine 03 Cabinet 0.00036788 -0.310095 0.0090301 0 180 0
Flower 07 Desk 0.0480794 0.336049 -0.161752 0 0 0
Clock 02 Cabinet 0.00048542 0.210094 0.0102627 0 180 0
Notebook 01 Desk 0.0772249 0.270574 0.0458941 0 0 0
Plant 05 Desk 0.0689712 0.394791 0.25729 0 0 0
StackBoox 02 Cabinet -0.0135269 -0.101593 0.00990343 0 180 0
Telephone 02 NightTable 0.000399396 0.20349 -0.000232488 0 0 0
