Lamp 03 NightTable -0.0250889 0.397142 0.082217 0 -77.2005 0
Book 01 Cabinet -0.00154114 0.492965 0.0154371 0 180 0
PhotoFrame 03 Cabinet -0.10582 0.467965 0.00950527 0 180 0
Doll 03 BedSheet -0.00133157 0.17514 0.000602484 0 -393.125 0
Figurine 02 Cabinet -0.0084908 0.210094 0.07283 0 180 0
Flower 04 Cabinet 0.000165224 -0.036622 0.195519 0 180 0
Notebook 02 Desk 0.12427 0.270574 0.169276 0 0 0
Plant 02 Cabinet -0.000587702 -0.294876 0.0095222 0 180 0
StackBoox 01 Cabinet -0.0297706 -0.0849033 0.0107498 0 180 0
Map 01 Cabinet -0.0106752 0.235454 -0.0557406 0 180 0
Pen 01 Desk 0.0417456 0.320646 -0.270293 0 0 0
LoudSpeaker 01 NightTable -0.0296967 0.290972 -0.110528 0 -87.5225 0
GiftBox 07 Cabinet -0.000616312 -0.58692 -0.0156844 0 180 0
Laptop 02 Desk -0.0814778 0.345684 -0.0391977 0 0 0
Cup 01 Desk 0.159901 0.320574 -0.050045 0 0 0
Cap 01 Desk 0.108587 0.283412 0.378264 0 0 0
TrashBin 01 FloorProxy -1.10171 0.15033 -0.55159 0 -86.7168 0
Earphone 01 Desk -0.0797879 0.312238 0.19622 0 0 0
Telephone 02 Desk 0.0564499 0.248883 -0.368311 0 0 0
Clock 01 NightTable 0.0504277 0.275181 0.00732899 0 -53.4048 0
