Lamp 02 NightTable -0.000309438 0.397083 -0.000133008 0 -86.6875 0
Book 02 Cabinet 0.000996113 0.493376 -0.00162458 0 180 0
PhotoFrame 01 Cabinet -0.107648 0.467965 0.0076158 0 180 0
Doll 03 Chair -0.0175196 0.0677484 -0.000310898 0 180 0
Figurine 03 Cabinet -0.000902414 -0.310095 0.0090282 0 180 0
Flower 01 Desk -0.0342359 0.395574 0.380459 0 0 0
Clock 03 Desk 0.107547 0.320574 0.337808 0 0 0
Notebook 01 BedSheet 0.00822997 0.12076 -0.00618541 0 -38.6026 0
Plant 04 Desk -0.0446763 0.297008 -0.322441 0 0 0
StackBoox 01 Cabinet 0.0259314 -0.0849033 0.010041 0 180 0
Map 01 Desk -0.131074 0.345933 0.213895 0 0 0
Pen 03 Desk 0.160102 0.320663 -0.288698 0 0 0
LoudSpeaker 01 Cabinet 0.00014925 0.225885 0.0103786 0 180 0
GiftBox 07 Cabinet 0.00118685 -0.58692 -0.0145962 0 180 0
Laptop 02 Desk -0.0752829 0.345684 -0.0672266 0 0 0
