StackBoox 02 CoffeeTable -0.266893 0.221472 0.0999353 0 90 0
Figurine 03 SideTable 0.112185 0.300319 -0.0364385 0 270 0
RemoteControl 02 CoffeeTable -0.611317 0.203585 0.0200143 0 90 0
Pad 02 CoffeeTable 0.244917 0.198594 0.108636 0 90 0
PhotoFrame 01 Cabinet -0.1113173 0.46129 0.0662706 0 270 0
Plant 05 SideTable -0.0106423 -0.0114565 0.0813384 0 270 0
Earphone 01 Cabinet -0.00010252 0.0885589 0.0456066 0 270 0
Flower 07 Dresser -0.00386 0.440475 -0.00163364 0 180 0
Book 01 Cabinet 0.0148144 0.48629 -0.090313 0 270 0
DigitalScale 02 FloorProxy 1.20315 0.0184512 -0.856783 0 -147.363 0
Telephone 02 SideTable -0.153034 0.228253 0.153498 0 270 0
MP3 02 CoffeeTable -0.467004 0.201563 -0.163148 0 90 0
Lamp 03 SideTable 0.124715 0.421905 -0.135481 0 270 0
Cup 01 CoffeeTable 0.327954 0.270465 -0.162155 0 90 0
Figurine 01 Cabinet -0.150826 0.0968948 -0.00100604 0 270 0
PhotoFrame 03 Cabinet 0.1105863 0.46129 0.0156958 0 270 0
Plant 03 Cabinet -0.00154305 -0.245629 -0.000645742 0 270 0
Flower 03 CoffeeTable -0.500837 0.345465 0.00483894 0 90 0
Telephone 01 CoffeeTable -0.149767 0.219569 -0.148325 0 90 0
Lamp 01 Dresser 0.00156116 0.550699 0.292479 0 180 0
Cup 03 SideTable -0.0429273 0.269728 0.100755 0 270 0
Magazine 01 SideTable -0.0851076 0.229944 -0.0475175 0 270 0
Figurine 02 SideTable 0.00492406 -0.0856741 -0.0163516 0 270 0
PhotoFrame 02 SideTable 0.113748 0.299944 0.0390112 0 270 0
Plant 02 Cabinet 0.00133801 -0.616301 -0.00150746 0 270 0
Flower 02 CoffeeTable 0.437246 0.345465 -0.0511596 0 90 0
