Figurine 03 SideTable -0.106488 -0.0852991 -0.0179636 0 270 0
RemoteControl 01 CoffeeTable 0.59271 0.212736 -0.0220426 0 90 0
PhotoFrame 01 Dresser -0.127802 0.425 -0.0870439 0 180 0
Plant 02 Dresser -0.00256014 0.440595 0.0221434 0 180 0
Earphone 01 Cabinet -4.57764e-05 0.0885589 0.0423853 0 270 0
Flower 07 CoffeeTable -0.47796 0.285941 0.00810099 0 90 0
DigitalScale 03 FloorProxy 1.31829 0.0159698 -0.226182 0 -35.2773 0
Telephone 02 CoffeeTable 0.291153 0.198775 -0.112367 0 90 0
Lamp 02 Dresser 0.012671 0.546901 -0.325808 0 180 0
Cup 04 SideTable -0.0113542 0.274898 0.139119 0 270 0
Figurine 02 Cabinet 0.00210571 -0.2675 0.000169992 0 270 0
PhotoFrame 03 Dresser -0.136164 0.425 0.0763555 0 180 0
Plant 03 Cabinet 0.00411987 -0.610024 0.0014305 0 270 0
Flower 02 SideTable 0.00693965 -0.0106741 -0.0118644 0 270 0
Book 03 Cabinet 0.00259352 0.486484 0.000334635 0 270 0
Telephone 01 SideTable 0.150232 0.249048 0.0790043 0 270 0
MP3 02 CoffeeTable 0.188551 0.201563 0.113764 0 90 0
Figurine 01 SideTable -0.15462 0.299944 -0.139436 0 270 0
PhotoFrame 02 SideTable -0.170216 0.299944 0.0182057 0 270 0
Flower 01 CoffeeTable 0.414888 0.345465 0.00175405 0 90 0
Cup 03 CoffeeTable 0.00363874 0.240249 -0.167741 0 90 0
Magazine 03 SideTable -0.0118356 0.229944 -0.0505192 0 270 0
