StackBoox Cabinet 0.0146803 -0.122383 0.192983 0 0 0
DVD TvCabinet -0.0104588 0.1073 0.639778 0 0 0
RemoteControl CoffeeTable 0.136188 0.200882 -0.104868 0 0 0
LoudSpeaker TvCabinet -0.086068 0.164048 -0.851373 0 0 0
Pad CoffeeTable 0.20018 0.186738 -0.233325 0 0 0
Lamp CoffeeTable -0.123443 0.38431 -0.384611 0 0 0
Earphone TvCabinet 0.0984782 0.139921 1.00084 0 0 0
Flower CoffeeTable -0.137034 0.283611 -0.0239551 0 0 0
DigitalScale FloorProxy -0.301968 0.035457 -0.0531361 0 -132.791 0
Book Cabinet -0.0224362 0.328479 0.0573013 0 0 0
Telephone CoffeeTable -0.119901 0.207715 0.0918198 0 0 0
MP3 CoffeeTable -0.230922 0.189709 0.462538 0 0 0
PhotoFrame TvCabinet 0.119929 0.148257 -0.822741 0 0 0
Lamp TvCabinet -0.00567834 0.273956 0.229976 0 0 0
Plant CoffeeTable 0.123387 0.257029 0.283091 0 0 0
Book TvCabinet -0.128641 0.173668 -0.520747 0 0 0
Telephone TvCabinet 0.0847804 0.0765665 -0.171571 0 0 0
PhotoFrame Cabinet 0.0822363 0.303479 -0.0447353 0 0 0
Plant TvCabinet 0.0619675 0.146675 -0.580249 0 0 0
Earphone CoffeeTable 0.131301 0.250276 -0.439373 0 0 0
Flower Cabinet -0.0426495 -0.0757532 -0.187332 0 0 0
