Figurine TvCabinet -0.183231 0.148257 -0.727055 0 0 0
DVD TvCabinet -0.0391656 0.1073 0.327476 0 0 0
RemoteControl CoffeeTable 0.173252 0.200882 0.36229 0 0 0
LoudSpeaker TvCabinet -0.0331423 0.164048 -0.0273389 0 0 0
Pad CoffeeTable 0.19029 0.186738 -0.0910095 0 0 0
Plant TvCabinet 0.0765793 0.146675 -0.910819 0 0 0
Earphone CoffeeTable -0.0928694 0.250276 0.38533 0 0 0
Flower CoffeeTable 0.00139797 0.283611 -0.183354 0 0 0
DigitalScale FloorProxy 0.316761 0.035457 -0.129167 0 -35.1674 0
Book Cabinet -0.00343004 0.328479 -0.0707299 0 0 0
Lamp TvCabinet 0.0763103 0.273956 0.93249 0 0 0
Telephone CoffeeTable 0.145567 0.207715 0.46347 0 0 0
MP3 CoffeeTable 0.157658 0.189709 -0.289264 0 0 0
StackBoox Cabinet -0.0166619 -0.122383 0.167388 0 0 0
Book TvCabinet -0.119821 0.173668 0.869895 0 0 0
Telephone TvCabinet 0.102154 0.0765665 -0.278628 0 0 0
