Figurine TvCabinet 0.0428205 0.148257 0.732089 0 0 0
DVD TvCabinet -0.00131869 0.1073 -0.146131 0 0 0
RemoteControl CoffeeTable -0.0893794 0.200882 -0.0290084 0 0 0
LoudSpeaker TvCabinet -0.0745706 0.164048 -1.05169 0 0 0
Pad TvCabinet 0.0331972 0.0763841 -0.667876 0 0 0
Plant CoffeeTable -0.198008 0.257029 0.340597 0 0 0
Earphone TvCabinet -0.0787584 0.139921 0.427114 0 0 0
DigitalScale FloorProxy 0.0345988 0.035457 0.121213 0 -69.7827 0
Book Cabinet -0.0105997 0.328479 -0.0335831 0 0 0
Telephone CoffeeTable 0.214574 0.207715 0.239733 0 0 0
MP3 TvCabinet 0.0998044 0.0793553 0.421229 0 0 0
StackBoox Cabinet 0.000161 -0.122383 0.21716 0 0 0
PhotoFrame Cabinet -0.0290716 -0.100753 -0.28724 0 0 0
Flower CoffeeTable -0.217809 0.283611 -0.428436 0 0 0
Book TvCabinet -0.0818964 0.173668 0.827768 0 0 0
Telephone TvCabinet 0.083641 0.0765665 0.632008 0 0 0
