Flower 01 CoffeeTable -0.241853 0.333611 0.305523 0 0 0
Goblet 04 CoffeeTable 0.0859925 0.361356 0.197868 0 0 0
PhotoFrame 03 TvCabinet 0.180972 0.148257 0.915206 0 0 0
CrystalBall 03 CoffeeTable -0.103442 0.282943 0.196194 0 0 0
Cup 02 CoffeeTable 0.23977 0.238587 0.1818 0 0 0
DVD 03 TvCabinet 0.00434878 0.0987603 0.374187 0 0 0
Book 01 Cabinet -0.0144918 0.328479 0.0263293 0 0 0
Telephone 02 CoffeeTable -0.0441945 0.186921 0.490057 0 0 0
Laptop 02 CoffeeTable 0.21838 0.283722 -0.168093 0 0 0
Map 01 Cabinet -0.0191328 -0.0753937 -0.246191 0 0 0
BalletShoe 01 FloorProxy 0.322629 0.0807399 0.249733 0 -106.705 0
GameHandle 01 FloorProxy 0.128605 0.01508698 0.14504 0 -120.651 0
DigitalScale 03 FloorProxy 0.050087 0.0184512 -0.251239 0 -116.703 0
Earphone 01 CoffeeTable -0.0214477 0.250276 -0.39186 0 0 0
Pad 01 CoffeeTable 0.206652 0.186738 0.433019 0 0 0
LoudSpeaker 01 TvCabinet 0.0191364 0.164048 0.97565 0 0 0
RemoteControl 02 CoffeeTable 0.0919696 0.191731 0.0097065 0 0 0
Flower 03 CoffeeTable -0.193376 0.333611 -0.0832798 0 0 0
Book 04 TvCabinet -0.0146378 0.173257 -0.862744 0 0 0
Telephone 02 TvCabinet 0.0309105 0.0765665 0.731266 0 0 0
Football 01 Cabinet 0.0397956 -0.116739 0.195886 0 0 0
