Flower 04 SideTable 0 -0.055922 0 0 270 0
StackBoox 02 CoffeeTable 0.394589 0.221472 0.182775 0 90 0
PhotoFrame 01 Dresser -0.0639691 0.425 0.161818 0 180 0
Figurine 03 Cabinet 0.000427246 -0.267125 0.000471488 0 270 0
GiftBox 03 Dresser -0.0149932 0.425 0.363066 0 180 0
Book 03 Cabinet 0.0243411 0.486484 -0.0851652 0 270 0
Telephone 02 CoffeeTable -0.100369 0.198775 -0.202021 0 90 0
Notebook 02 Dresser -0.0795045 0.375 -0.0384731 0 180 0
Clock 02 Cabinet -0.10272894 0.46129 0.0361652 0 270 0
GameHandle 02 FloorProxy 1.47916 0.025988 -0.981662 0 -60.4038 0
MP3 02 CoffeeTable 0.242335 0.201563 -0.152992 0 90 0
Earphone 01 CoffeeTable -0.258471 0.262129 -0.0729898 0 90 0
Pad 02 CoffeeTable -0.222377 0.198594 0.157886 0 90 0
Flower 07 CoffeeTable 0.254677 0.285941 -0.00703549 0 90 0
PhotoFrame 02 Cabinet 0.1227594 0.46129 0.103547 0 270 0
Figurine 01 Cabinet 0.000458241 0.0968948 -0.000173196 0 270 0
GiftBox 07 Cabinet 0.000163078 -0.678186 0.000360295 0 270 0
Telephone 01 SideTable -0.145595 0.249048 0.106727 0 270 0
Notebook 03 SideTable 0.0670016 0.249944 0.0765946 0 270 0
Flower 03 Carpet -0.00286865 0.15 0.365636 0 0 0
PhotoFrame 03 SideTable 0.161435 0.299944 -0.020931 0 270 0
Figurine 02 SideTable 0.151679 0.299944 -0.131328 0 270 0
Magazine 03 CoffeeTable 0.501708 0.200465 -0.155274 0 90 0
GiftBox 05 Dresser 0.00838566 0.386042 -0.414314 0 180 0
