Lamp 02 SideTable -0.0124935 0.411791 -0.158153 0 0 0
PhotoFrame 03 NightTable 0.139422 0.325227 -0.0183591 0 -78.6247 0
Doll 04 SideTable -0.0533281 0.365081 0.0891619 0 0 0
Figurine 01 Cabinet 0.113282 -0.2675 0.0513382 0 270 0
Flower 04 Cabinet -0.103781 0.112872 0.0750618 0 270 0
Clock 01 Cabinet 0.0883725 0.0968948 -0.0678442 0 270 0
Plant 04 Cabinet 0.158447 -0.291066 -0.0813537 0 270 0
GiftBox 07 Cabinet -0.0586541 -0.678186 -0.0711286 0 270 0
GirlShoe 01 Cabinet -0.0568901 -0.647374 0.0909026 0 270 0
Notebook 02 BedSheet 0.205823 0.144572 -0.281929 0 -419.962 0
Cup 01 SideTable 0.15934 0.28989 0.030562 0 0 0
Map 01 NightTable 0.041911 0.350586 -0.00331467 0 -57.6278 0
Laptop 02 BedSheet -0.205088 0.219683 -0.326084 0 -446.502 0
TrashBin 01 FloorProxy -0.780763 0.15033 0.128951 0 -120.691 0
MakeUp 03 Cabinet 0.13184 0.436678 0.0184562 0 270 0
Lamp 03 NightTable -0.0846142 0.447187 0.0507364 0 -47.5434 0
Book 01 Cabinet -0.037276 0.48629 -0.0854206 0 270 0
Doll 03 Cabinet -0.142629 -0.26312 -0.0593915 0 270 0
Flower 05 Window 0.0199413 0.8263 -0.532777 0 0 0
GiftBox 04 Cabinet 0.140826 -0.603158 0.041652 0 270 0
GirlShoe 03 FloorProxy 1.21253 0.0281652 -0.485199 0 -61.1325 0
Notebook 03 FloorProxy -0.0752351 0.0250001 0.646994 0 -48.6956 0
Telephone 02 Cabinet 0.0094938 0.389599 0.0655203 0 270 0
MakeUp 01 Cabinet 0.16067 0.0720711 0.049705 0 270 0
