Lamp 03 NightTable -0.11628 0.447187 -0.0282831 0 -48.6641 0
PhotoFrame 03 Cabinet 0.232082 0.46129 0.116706 0 270 0
Doll 03 SideTable -0.119735 0.29427 0.149022 0 0 0
Figurine 01 Cabinet 0.131697 -0.2675 -0.115565 0 270 0
Plant 04 Cabinet -0.192884 -0.291066 0.0385023 0 270 0
GiftBox 07 Cabinet -0.114551 -0.678186 0.0444444 0 270 0
Handbag 03 BedSheet -0.110205 0.260458 -0.0831513 0 -398.776 0
Notebook 01 FloorProxy 1.29462 0.025 -0.20951 0 -32.7577 0
LoudSpeaker 01 FloorProxy -1.10044 0.0907906 0.549553 0 -42.4039 0
Laptop 01 BedSheet -0.471272 0.219718 -0.0902244 0 -395.168 0
StackBoox 01 Cabinet 0.149062 0.064591 0.0394517 0 270 0
TrashBin 01 FloorProxy 0.457914 0.15033 0.659804 0 -110.085 0
MakeUp 02 Cabinet -0.0891852 0.0710203 -0.0760766 0 270 0
PhotoFrame 02 NightTable 0.00798178 0.325226 0.0938522 0 -71.3323 0
Doll 04 FloorProxy 0.132108 0.150191 0.523394 0 -102.571 0
Figurine 03 SideTable -0.11029 0.290265 -0.13505 0 0 0
Flower 03 Cabinet 0.0114641 -0.1925 0.0830205 0 270 0
Clock 02 Cabinet 0.0347276 0.46129 0.0136153 0 270 0
Notebook 03 BedSheet 0.105446 0.144572 -0.082867 0 -378.663 0
Telephone 02 Cabinet 0.212094 0.389599 -0.0722619 0 270 0
MakeUp 01 Cabinet -0.0730786 0.0720711 0.124711 0 270 0
