Lamp 02 NightTable 0.0798774 0.447128 0.00655608 0 -80.2425 0
PhotoFrame 01 SideTable 0.070747 0.28989 -0.179198 0 0 0
Doll 03 BedSheet -0.469101 0.198953 -0.136256 0 -367.061 0
Figurine 03 NightTable -0.0779163 0.325602 -0.117202 0 -63.6663 0
Flower 01 Cabinet 0.124125 0.171895 -0.0596773 0 270 0
Plant 03 Cabinet 0.0259027 -0.245629 -0.0729911 0 270 0
GiftBox 02 Cabinet 0.146396 -0.632411 0.0305854 0 270 0
Handbag 02 Cabinet -0.080507 -0.215012 0.0700831 0 270 0
Cup 02 SideTable 0.135508 0.269865 -0.13771 0 0 0
LoudSpeaker 01 SideTable -0.154156 0.30568 -0.181906 0 0 0
Map 01 Cabinet -0.212823 -0.242141 -0.0289368 0 270 0
Laptop 01 BedSheet 0.470036 0.219718 -0.18261 0 -412.729 0
StackBoox 03 SideTable 0.104467 0.261322 0.167721 0 0 0
TrashBin 01 FloorProxy -0.93633 0.15033 -0.737101 0 -36.2001 0
MakeUp 02 Cabinet 0.0473793 0.0710203 0.0974943 0 270 0
Lamp 03 SideTable -0.036286 0.411851 -0.209768 0 0 0
PhotoFrame 02 Window 0.0165699 0.750797 0.820956 0 0 0
Doll 04 SideTable -0.126591 0.365081 0.160411 0 0 0
Flower 05 Cabinet -0.102619 0.172397 -0.0722908 0 270 0
Clock 01 Cabinet 0.179193 0.46129 0.0633647 0 270 0
GiftBox 03 Cabinet -0.172557 -0.631895 0.0372247 0 270 0
Notebook 02 FloorProxy 1.08555 0.0250001 -0.0149639 0 -40.2359 0
Telephone 01 Cabinet -0.196519 0.410394 -0.0292736 0 270 0
MakeUp 03 Cabinet -0.0711451 0.436678 0.120293 0 270 0
