Lamp 01 SideTable -0.114813 0.415589 -0.142765 0 0 0
PhotoFrame 01 Cabinet -0.204607 0.0968948 0.0459263 0 270 0
Figurine 01 NightTable -0.00878155 0.325226 0.122045 0 -78.7414 0
Flower 04 NightTable 0.0723487 0.341204 -0.0503351 0 -67.9498 0
Clock 01 NightTable -0.126579 0.325226 0.0759251 0 -64.4107 0
Plant 02 Cabinet -0.16509 -0.251906 -0.0425093 0 270 0
GiftBox 03 Cabinet -0.148965 -0.631895 -0.0464875 0 270 0
GirlShoe 02 Cabinet 0.19067 -0.664136 0.0136922 0 270 0
Handbag 01 Cabinet -0.157733 -0.184744 0.102477 0 270 0
Notebook 02 FloorProxy 1.00138 0.0250001 -0.173913 0 -134.926 0
Cup 02 SideTable 0.129507 0.269865 0.131504 0 0 0
Map 01 SideTable 0.0891268 0.315249 -0.126969 0 0 0
Magazine 02 BedSheet -0.0511843 0.124572 -0.0388568 0 -432.842 0
Laptop 02 BedSheet 0.277652 0.219683 -0.10635 0 -361.421 0
TrashBin 01 FloorProxy 1.16302 0.15033 0.442763 0 -120.303 0
MakeUp 01 Cabinet 0.144291 0.0720711 -0.0785184 0 270 0
PhotoFrame 03 Cabinet 0.243907 0.46129 0.14563 0 270 0
Doll 02 BedSheet -0.331667 0.269572 -0.0471205 0 -361.176 0
Figurine 03 NightTable -0.108381 0.325602 -0.0736207 0 -55.4456 0
Flower 05 SideTable -0.0468732 0.365392 0.141916 0 0 0
Clock 02 Cabinet 0.0787437 0.46129 0.119749 0 270 0
Plant 05 Cabinet 0.20069 -0.193283 0.0141862 0 270 0
GiftBox 07 FloorProxy 0.426344 0.0287089 0.391911 0 -132.941 0
GirlShoe 03 Cabinet 0.0377169 -0.67873 -0.0765127 0 270 0
Notebook 03 BedSheet 0.569253 0.144572 -0.205889 0 -371.232 0
Cup 04 NightTable 0.121644 0.30018 0.108999 0 -72.5985 0
Telephone 02 Cabinet 0.198934 0.389599 -0.0897303 0 270 0
MakeUp 03 Cabinet -0.0160387 0.0722827 0.0962851 0 270 0
