Notebook 03 SideTable 0 0.250001 0.15 0 -100.6956 0
Cup 04 SideTable 0.1 0.28989 0.000562 0 -60 0
Flower 03 SideTable -0.10934 0.38989 -0.030562 0 -30 0
Doll 04 BedSheet 0 0.25 -0.4 0 -90 0
Telephone 02 BedSheet -0.1 0.12 0.455203 0 -45 0
Notebook 02 BedSheet 0.155823 0.144572 0.481929 0 -419.962 0
Handbag 01 Chair 0.02 0.15 -1.35 0 -45 0
Lamp 02 NightTable -0.0846142 0.447187 0.0507364 0 -47.5434 0
PhotoFrame 01 NightTable 0.069422 0.325227 0.103591 0 -78.6247 0
Clock 01 NightTable 0.0883725 0.3468948 -0.0678442 0 -60 0
Book 05 Cabinet -0.037276 0.48629 0.0854206 0 270 0
MakeUp 03 Cabinet -0.18184 0.0736678 0.1584562 0 270 0
MakeUp 01 Cabinet 0.11067 0.0720711 0.129705 0 270 0
Mirror 01 Cabinet -0.05 0.1120711 -0.1 0 270 0
Flower 04 Cabinet 0.103781 0.112872 -0.05 0 270 0
Doll 03 Cabinet -0.092629 -0.26312 0.0593915 0 120 0
Plant 05 Cabinet 0.158447 -0.191066 0.0813537 0 270 0
GiftBox 07 Cabinet -0.0586541 -0.678186 0.101652 0 270 0
GiftBox 04 Cabinet 0.140826 -0.603158 0.041652 0 270 0
GiftBox 05 Cabinet -0.0586541 -0.653158 -0.0311286 0 270 0





GirlShoe 01 FloorProxy 1.33253 0.0481652 -0.985199 0 180 0
GirlShoe 03 FloorProxy 1.33253 0.0281652 -0.785199 0 180 0
GirlShoe 02 FloorProxy 1.33253 0.0481652 -1.185199 0 180 0




