Book Cabinet -0.0431838 0.492965 -0.0120857 0 180 0
Flower Cabinet 0.0363081 -0.515629 -0.209894 0 180 0
PhotoFrame Cabinet 0.0817924 0.467965 0.00142145 0 180 0
Figurine Cabinet 0.0575886 -0.31047 -0.172208 0 180 0
Clock NightTable -0.0666134 0.275181 0.100312 0 0 0
Cup NightTable 0.0793197 0.275181 0.0262777 0 0 0
Magazine Chair 0.00530005 -0.00663202 -0.0162344 0 180 0
Notebook Desk 0.143441 0.270574 -0.0635021 0 0 0
LoudSpeaker Desk -0.0782666 0.336364 -0.327148 0 0 0
Laptop Desk 0.0799047 0.34572 0.260267 0 0 0
Telephone NightTable -0.0250956 0.224285 -0.121015 0 0 0
TrashBin FloorProxy -0.140052 0.15033 -0.447785 0 -114.48 0
Lamp Desk -0.0602034 0.446273 -0.0400498 0 0 0
Doll BedSheet -0.0130918 0.22752 0.17738 0 0 0
Flower NightTable -0.0398162 0.300181 -0.0229913 0 0 0
PhotoFrame Closet 0.119665 0.72468 -0.200745 0 180 0
Bear FloorProxy 0.0198529 0.2 0.477963 0 -119.19 0
Clock Cabinet 0.085968 -0.0525995 -0.132615 0 180 0
Notebook FloorProxy 0.271497 0.0250001 0.0477743 0 -72.2071 0
Mirror Desk -0.0528402 0.345574 0.170225 0 0 0
Telephone Cabinet 0.0252554 0.138403 0.136051 0 180 0
Flower Desk 0.0331254 0.345574 -0.297808 0 0 0
PhotoFrame NightTable 0.0747176 0.275181 0.114472 0 0 0
Bear BedSheet 0.330585 0.277775 -0.343437 0 0 0
Figurine Closet 0.100722 0.72468 0.0888001 0 180 0
Magazine Cabinet 0.00169444 0.140094 -0.113009 0 180 0
