Book Cabinet -0.0465224 0.492965 0.00410986 0 180 0
Flower Cabinet -0.0105894 -0.515629 0.196076 0 180 0
PhotoFrame Cabinet -0.0702894 0.210094 0.0399342 0 180 0
Figurine Cabinet 0.0371165 -0.31047 0.106852 0 180 0
Clock NightTable -0.0509667 0.275181 0.0903891 0 0 0
Cup NightTable 0.0707125 0.275181 -0.00975245 0 0 0
Magazine Chair 0.0254481 -0.00663202 0.0352552 0 180 0
Notebook Desk 0.109008 0.270574 0.244625 0 0 0
LoudSpeaker Desk -0.116118 0.336364 0.296895 0 0 0
Laptop Desk -0.000982672 0.34572 -0.0209341 0 0 0
Telephone NightTable -0.0288682 0.224285 -0.114697 0 0 0
TrashBin FloorProxy -0.280198 0.15033 -0.238784 0 -114.48 0
Lamp Desk -0.0149712 0.446273 -0.314618 0 0 0
Doll BedSheet -0.18537 0.22752 0.155343 0 0 0
Flower NightTable -0.0812397 0.300181 -0.0140191 0 0 0
PhotoFrame Closet 0.141371 0.72468 -0.275122 0 180 0
Bear FloorProxy -0.34391 0.2 -0.570482 0 -119.19 0
Clock Cabinet 0.031209 0.210094 0.0269475 0 180 0
Notebook FloorProxy 0.1535 0.0250001 -0.221753 0 -72.2071 0
Mirror Desk 0.133699 0.345574 -0.137102 0 0 0
Telephone Cabinet 0.020854 -0.12429 0.034735 0 180 0
Flower Desk -0.0119076 0.345574 0.223489 0 0 0
PhotoFrame NightTable 0.0450157 0.275181 0.0940149 0 0 0
Bear BedSheet -0.0947435 0.277775 -0.337041 0 0 0
Figurine Closet -0.125913 0.72468 -0.183865 0 180 0
Magazine Cabinet 0.0327239 0.397965 -0.00126553 0 180 0
