Book Cabinet -0.0503957 0.492965 -0.0106544 0 180 0
Flower Cabinet -0.0141091 -0.0275995 -0.106769 0 180 0
PhotoFrame Cabinet 0.0700533 -0.0525995 0.176195 0 180 0
Figurine Cabinet 0.0504458 -0.31047 -0.091254 0 180 0
Clock NightTable -0.0558123 0.275181 -0.104783 0 0 0
Cup NightTable 0.0636401 0.275181 4.60744e-05 0 0 0
Magazine Chair 0.0160787 -0.00663202 0.0256217 0 180 0
Notebook Desk 0.104997 0.270574 -0.0653534 0 0 0
LoudSpeaker Desk -0.0924827 0.336364 0.296831 0 0 0
Laptop Desk -0.0689159 0.34572 -0.0251818 0 0 0
Telephone NightTable -0.00172935 0.224285 0.118188 0 0 0
TrashBin FloorProxy -0.596186 0.15033 -0.0798023 0 -114.48 0
Lamp Desk -0.0382662 0.446273 -0.300777 0 0 0
Doll BedSheet -0.134071 0.22752 -0.00057435 0 0 0
Flower NightTable -0.0813787 0.300181 0.0123613 0 0 0
PhotoFrame Closet 0.0760059 0.72468 -0.212731 0 180 0
Bear FloorProxy -0.40705 0.200255 0.434169 0 -119.19 0
GiftBox Cabinet -0.00134969 -0.310986 0.114796 0 180 0
Clock Cabinet 0.078089 0.210094 -0.13522 0 180 0
Notebook FloorProxy 0.208752 0.0250001 0.347103 0 -72.2071 0
Mirror Desk 0.0172883 0.345574 -0.0738902 0 0 0
Telephone Cabinet 0.0920806 0.396274 0.00267696 0 180 0
Flower Desk -0.122297 0.345574 0.164303 0 0 0
PhotoFrame NightTable 0.0950009 0.275181 -0.107335 0 0 0
Bear BedSheet 0.128069 0.27752 0.366036 0 0 0
Figurine Closet 0.0410564 0.725055 -0.00977433 0 180 0
Magazine Cabinet 0.0161188 0.140094 0.0497086 0 180 0
