Book 01 Cabinet 0 0.4968948 0.022868 0 270 0
Earphone 01 SideTable  -0.117822 0.285036 0.1535228 0 60 0
Laptop 01 SideTable 0.117822 0.315036 -0.00835228 0 60 0
Football 01 Cabinet 0.175159 -0.283486 0.084753 0 45 0
Plant 03 Cabinet -0.102521 -0.610024 -0.0314982 0 270 0
Plant 04 Cabinet 0.152521 -0.660024 -0.0314982 0 270 0
Pen 03 Cabinet 0.0730958 0.461379 -0.00358319 0 270 0
SkaterShoe 04 FloorProxy 0.658333 0.0840284 0.2695048 0 -90 0
StackBoox 02 Chair 0.05 0.040896 0 0 0 0
Telephone 01 NightTable 0.1149 0.27433 -0.0067485 0 -83.8488 0
Map 01 Cabinet -0.016158 -0.236536 -0.0920444 0 270 0
LoudSpeaker 01 SideTable  -0.0972766 0.290896 -0.182395 0 -48.0255 0
GameHandle 01 BedSheet 0.12941 0.219718 0.0352747 0 -465.681 0
Backpack 02 BedSheet 0.195969 0.149054 0.504241 0 -45 90
Lamp 03 NightTable -0.111065 0.447187 -0.066468 0 -52.4668 0
PhotoFrame 02 NightTable -0.0149 0.32433 0.117485 0 -60 0
Figurine 03 Cabinet -0.16098 -0.2468948 0.005886 0 270 0
MechanicalModel 01 Cabinet 0.1473736 0.130048 -0.059681 0 -90 0
MechanicalModel 02 Cabinet -0.051736 0.130048 -0.059681 0 -90 0
MechanicalModel 03 Cabinet -0.06804 -0.317674 0.0847002 0 270 0
MechanicalModel 04 Cabinet -0.06804 0.087674 0.1347002 0 270 0
MechanicalModel 05 Cabinet 0.16804 0.087674 0.087002 0 180 0

Notebook 03 BedSheet 0.384601 0.144572 -0.339726 0 -438.478 0
Cap 02 BedSheet -0.095969 0.149054 0.504241 0 -75 0
MP3 01 Chair 0.05 0.07 0.02 0 0 0
