StackBoox 01 Cabinet -0.157948 0.428986 -0.0526489 0 270 0
Figurine 02 Cabinet -0.0227265 0.46129 -0.0269739 0 270 0
RemoteControl 04 CoffeeTable 0.359647 0.200661 -0.101537 0 90 0
Plant 03 Cabinet -0.022439 0.118766 -0.00241941 0 270 0
Earphone 01 CoffeeTable 0.282294 0.262129 0.174837 0 90 0
DigitalScale 03 FloorProxy 1.25914 0.0159698 -0.360726 0 -37.8518 0
Telephone 01 CoffeeTable -0.315842 0.219569 -0.187022 0 90 0
Cup 02 SideTable -0.00305843 0.279919 -0.00564611 0 270 0
Laptop 01 CoffeeTable 0.0449805 0.295612 0.152729 0 90 0
Mirror 01 SideTable -0.00981832 0.324944 -0.156639 0 270 0
GiftBox 03 Cabinet -0.000322342 -0.2675 -0.00087668 0 270 0
CrystalBall 03 CoffeeTable 0.539101 0.294797 0.115302 0 90 0
Vase 02 SideTable 0.00434256 -0.0606741 -0.000367582 0 270 0
Candle 01 CoffeeTable 0.0104756 0.317218 -0.194888 0 90 0
Figurine 01 SideTable -0.137434 0.299944 -0.0226827 0 270 0
Plant 02 CoffeeTable -0.491208 0.28606 0.156821 0 90 0
Telephone 02 SideTable 0.122606 0.228253 0.00120413 0 270 0
Cup 01 CoffeeTable 0.199181 0.270465 -0.22543 0 90 0
GiftBox 05 Dresser 0.0554323 0.386042 0.335139 0 180 0
Vase 01 Dresser -0.0167513 0.449455 0.0850065 0 180 0
Candle 04 CoffeeTable -0.47858 0.3944 -0.0406728 0 90 0
Figurine 03 Cabinet 0.0519466 0.461665 -0.00437912 0 270 0
Plant 04 Dresser -0.0117621 0.401434 -0.0669905 0 180 0
GiftBox 07 Cabinet 0.189237 0.0506037 -0.0174534 0 270 0
Vase 02 Cabinet 0.0191269 0.121895 0.129846 0 270 0
Candle 03 CoffeeTable 0.0599332 0.217104 -0.0771173 0 90 0
