09d1885104efb71d_8393-w233-h233-b1-p10--contemporary-paintings.jpg 255 255 255 210 194 187 209 104 142 211 148 167 194 157 139
200812142316458326.jpg 53 145 175 83 165 176 9 73 101 252 252 254 93 168 163
20150520165703_wTJdQ.jpeg 107 160 212 65 159 217 160 207 236 85 124 191 230 206 167
20160427224515.jpg 234 131 118 230 174 158 240 242 237 224 223 210 226 110 118
20160824163930.jpg 54 168 178 106 208 218 38 82 7 62 103 30 170 238 231
218859.jpg 126 128 134 80 88 91 42 52 54 188 186 191 219 217 218
219079.jpg 60 56 52 236 243 236 228 232 223 79 64 57 215 226 222
219587.jpg 203 195 188 189 182 169 10 10 10 203 199 201 160 157 164
219692.jpg 178 165 127 254 254 254 164 161 141 134 114 95 73 48 22
219715.jpg 204 204 204 228 224 213 6 0 0 178 152 119 233 224 217
220663.jpg 206 222 225 240 248 245 255 255 255 165 167 182 124 150 167
220823.jpg 205 222 103 234 201 68 174 211 225 245 250 237 55 115 82
220853.jpg 80 75 75 104 101 109 120 119 132 36 33 36 69 88 146
220879.jpg 251 214 133 194 154 105 133 110 87 161 146 108 5 5 5
221286.jpg 204 175 102 148 150 166 185 148 131 140 148 134 208 208 208
221908.jpg 214 214 214 250 250 247 247 246 246 0 0 5 246 249 250
222289.jpg 223 208 182 215 199 169 214 199 181 154 131 114 95 81 84
222697.jpg 187 199 193 98 140 133 49 85 96 187 198 189 220 219 207
blob.jpg 217 214 203 184 197 199 187 202 198 220 212 204 206 208 202
butterfly.jpg 168 97 153 161 84 166 110 45 132 116 47 130 144 75 164
dog.jpg 242 229 212 242 229 212 242 229 212 242 229 212 242 229 212
contemporary-artwork.jpg 212 199 164 208 201 170 137 119 103 155 140 130 97 84 87
cool.jpg 154 154 154 154 154 154 154 154 154 154 154 154 154 154 154
fox.jpg 243 150 142 243 150 142 243 150 142 243 150 142 243 150 142
heart.jpg  183 78 112 181 46 119 226 110 168 240 119 202 244 168 225
heart2.jpg 190 117 162 232 160 197 177 65 119 252 252 252 253 222 236
images.jpg 195 185 164 162 152 143 86 83 89 214 200 169 112 105 108
images.png 255 255 255 255 255 255 255 255 255 255 255 255 255 255 255
images2.jpg 3 82 120 176 195 203 130 161 178 74 120 143 33 87 114
romantic.jpg 165 155 187 171 91 143 171 91 143 171 91 143 171 91 143
rose.jpg 253 108 89 253 108 89 253 108 89 253 108 89 253 108 89
step_6___igcse_final_artwork___theme__open_by_greyfaerie4-d7525mb.jpg 61 105 123 42 110 139 110 148 160 194 215 218 24 126 171
tech.jpg 11 85 114 35 53 134 15 41 103 59 193 222 103 128 219
wallphoto.jpg 244 244 244 238 238 228 245 246 240 207 194 188 202 182 187
zebra-united-artworks.jpg 254 254 254 186 193 187 184 194 189 153 152 140 163 167 158