Figurine NightTable -0.054144 0.275181 -0.108595 0 0 0
Book Desk -0.118545 0.345574 0.182404 0 0 0
Flower Cabinet 0.00334907 -0.28547 0.0686684 0 180 0
PhotoFrame NightTable 0.00597458 0.275181 -0.111995 0 0 0
GiftBox Desk 0.0756174 0.320506 -0.160208 0 0 0
Magazine Chair 0.00316125 -0.00663202 0.0139971 0 180 0
Clock NightTable 0.0763867 0.275181 -0.0385908 0 0 0
Notebook Desk 0.114495 0.270574 0.0281343 0 0 0
Telephone NightTable -0.0278691 0.224285 0.106262 0 0 0
Cup NightTable -0.0717142 0.275181 0.000259757 0 0 0
Laptop Desk 0.0818184 0.34572 0.317961 0 0 0
LoudSpeaker Desk -0.119445 0.336364 -0.327566 0 0 0
Figurine Cabinet 0.0323331 0.210094 0.0241587 0 180 0
Book Cabinet -0.0496228 0.493376 0.00154448 0 180 0
PhotoFrame Closet 0.107404 0.72468 0.120957 0 180 0
Magazine Cabinet 0.0385933 0.397965 -0.000881433 0 180 0
Clock Cabinet 0.0813975 -0.0525995 -0.0563655 0 180 0
Plant FloorProxy 0.734354 0.0734174 0.0476513 0 -125.65 0
BalletShoe FloorProxy -0.185993 0.0207399 0.63 0 -49.8529 0
Telephone Cabinet -0.0214522 -0.12429 0.157168 0 180 0
Cup Desk -0.132446 0.320574 -0.122535 0 0 0
Lamp FloorProxy -0.533705 0.200699 0.234484 0 -148.861 0
Doll BedSheet 0.0130422 0.22752 0.0362072 0 0 0
Figurine Closet -0.126911 0.725055 0.0289736 0 180 0
PhotoFrame Cabinet 0.0453207 0.210094 -0.156613 0 180 0
GiftBox BedSheet -0.241811 0.15252 -0.0385123 0 0 0
