Figurine NightTable 0.038556 0.275181 -0.0538583 0 0 0
Book Desk -0.118606 0.345574 -0.129547 0 0 0
Flower Cabinet 0.0281651 -0.28547 -0.127156 0 180 0
PhotoFrame Closet -0.0752292 0.72468 -0.113681 0 180 0
GiftBox Cabinet -0.00230837 -0.310538 0.0967739 0 180 0
Magazine Cabinet -2.69413e-05 0.140094 -0.167044 0 180 0
Clock Cabinet -0.00146484 -0.0525995 0.074657 0 180 0
Notebook Desk 0.119366 0.270574 -0.0619302 0 0 0
BalletShoe FloorProxy -0.148507 0.0207399 -0.0686738 0 -127.441 0
Telephone NightTable -0.02036 0.224285 0.11782 0 0 0
Cup Desk 0.116021 0.320574 0.138076 0 0 0
Laptop Desk 0.0754317 0.34572 -0.310885 0 0 0
LoudSpeaker NightTable -0.05514 0.290972 -0.0708612 0 0 0
Lamp Desk 0.00142173 0.446273 0.325192 0 0 0
Figurine Cabinet -0.0839195 0.210094 0.186796 0 180 0
Book Cabinet -0.00524664 0.493376 -0.0108464 0 180 0
Flower NightTable 0.055666 0.300181 0.0196704 0 0 0
PhotoFrame Cabinet 0.101404 0.467965 0.000365973 0 180 0
Bear BedSheet 0.189876 0.277775 0.407403 0 0 0
Telephone Cabinet -0.0283821 -0.12429 -0.150476 0 180 0
Lamp FloorProxy -0.535968 0.200699 0.63 0 -84.5524 0
Figurine Desk -0.151576 0.320949 0.165407 0 0 0
PhotoFrame WallPhoto 0.00058618 0.57519 0.268268 0 0 0
Clock Chair -0.0447012 0.063368 -0.0215178 0 180 0
