Figurine Desk -0.155437 0.320574 0.210978 0 0 0
Book Desk -0.131038 0.345574 -0.0991216 0 0 0
Flower NightTable 0.0722174 0.300181 0.0562912 0 0 0
PhotoFrame Closet 0.127358 0.72468 -0.220291 0 180 0
GiftBox NightTable -0.0142938 0.275113 -0.0594268 0 0 0
Bear BedSheet -0.00549126 0.27752 -0.0763607 0 0 0
Magazine FloorProxy 0.38427 0.005 0.186014 0 -123.566 0
Clock Cabinet 0.0295227 -0.0525995 -0.0648367 0 180 0
BalletShoe FloorProxy -0.00327396 0.0207399 -0.520908 0 -43.9494 0
Cup Desk 0.168431 0.320574 -0.112864 0 0 0
Lamp Desk 0.0679799 0.446273 -0.302163 0 0 0
Book Cabinet -0.0489533 0.493376 -0.0117671 0 180 0
Flower Closet 0.100628 0.74968 0.164456 0 180 0
GiftBox Desk 0.0617482 0.320058 0.336366 0 0 0
Magazine Chair 0.0286217 -0.00663202 0.0270908 0 180 0
Plant FloorProxy -0.442356 0.0734174 -0.328361 0 -148.634 0
Notebook Desk 0.0467966 0.270574 0.0587921 0 0 0
Telephone Cabinet 0.0124364 -0.12429 0.204621 0 180 0
Doll BedSheet 0.393924 0.22752 -0.333262 0 0 0
Figurine Cabinet -0.0748434 0.210469 -0.100699 0 180 0
Flower Desk 0.0387397 0.345574 -0.127613 0 0 0
PhotoFrame Cabinet 0.0748901 0.210094 -0.157755 0 180 0
GiftBox BedSheet -0.0527196 0.15252 -0.539683 0 0 0
Magazine Cabinet 0.0918074 0.397965 -0.0102654 0 180 0
