Book 01 Cabinet -0.0405362 0.492965 0.0113206 0 180 0
PhotoFrame 03 NightTable 0.088831 0.275181 0.110643 0 -57.4726 0
Figurine 03 Cabinet -0.0655177 -0.0525995 -0.202794 0 180 0
MechanicalModel 01 FloorProxy 0.764331 0.10038 0.0277555 0 -35.735 0
Notebook 02 Desk 0.123431 0.270574 -0.0649383 0 0 0
Football 01 Cabinet 0.0195148 -0.326456 0.102222 0 180 0
Pen 01 Desk 0.0301884 0.320646 -0.316832 0 0 0
SkaterShoe 01 FloorProxy 0.0397553 0.0840284 0.000780582 0 -111.034 0
TrashBin 01 FloorProxy 0.34753 0.15033 0.121312 0 -95.9053 0
GameHandle 02 BedSheet -0.0841864 0.103658 -0.145461 0 -452.764 0
Telephone 02 Desk -0.0529718 0.269677 0.385628 0 0 0
StackBoox 01 Cabinet 0.00309873 -0.3321 -0.117397 0 180 0
Lamp 03 Desk 0.00114009 0.442475 0.166622 0 0 0
Book 05 Desk -0.119743 0.345985 -0.196196 0 0 0
PhotoFrame 02 Cabinet 0.104511 0.467965 0.00551176 0 180 0
Figurine 02 Cabinet 0.032712 -0.540629 -0.0748544 0 180 0
MechanicalModel 05 Cabinet -0.0431893 -0.515807 -0.187655 0 180 0
Clock 03 NightTable -0.0109516 0.275181 -0.0528424 0 -62.521 0
Telephone 02 NightTable -0.0876169 0.20349 -0.0670784 0 -56.2929 0
PhotoFrame 02 Cabinet 0.0948901 0.210094 0.165931 0 180 0
Figurine 03 Desk -0.0541549 0.320949 -0.0499511 0 0 0
MechanicalModel 03 Desk 0.131327 0.2704 0.354226 0 0 0
Clock 02 Cabinet -0.0822275 0.210094 0.0465851 0 180 0
Notebook 03 BedSheet -0.0587512 0.10252 0.513207 0 -449.084 0
Telephone 01 Cabinet 0.0142863 -0.103496 -0.0509455 0 180 0
