Book 01 Cabinet -0.032866 0.492965 0.00953484 0 180 0
PhotoFrame 01 NightTable 0.0627344 0.275181 -0.100386 0 -78.1632 0
Figurine 01 Desk -0.104577 0.320574 -0.391101 0 0 0
MechanicalModel 01 Cabinet 0.0639553 -0.0272191 -0.196764 0 180 0
Clock 01 NightTable -0.0913511 0.275181 0.0498556 0 -64.2459 0
Notebook 01 Desk 0.124656 0.270574 0.123467 0 0 0
Football 01 Cabinet -0.00252533 -0.326456 0.0367432 0 180 0
Pen 01 Desk 0.112867 0.320646 0.340652 0 0 0
SkaterShoe 02 FloorProxy 0.81916 0.0556195 -0.026675 0 -53.0903 0
GameHandle 01 BedSheet -0.445678 0.103658 0.504151 0 -385.606 0
Telephone 01 Cabinet 0.0167203 0.159198 0.22399 0 180 0
StackBoox 01 NightTable 0.0380965 0.242877 0.0594645 0 -87.1545 0
Map 01 Cabinet 0.00570822 -0.02724 -0.0313358 0 180 0
LoudSpeaker 01 FloorProxy 0.165992 0.0907906 -0.18636 0 -122.098 0
Laptop 01 Desk -0.0906858 0.34572 -0.0331318 0 0 0
Cap 01 Desk -0.0629694 0.283412 0.226878 0 0 0
Backpack 02 FloorProxy -0.154169 0.14981 0.065043 0 -43.2206 0
PhotoFrame 02 Cabinet 0.0832436 0.467965 -0.00226188 0 180 0
Clock 02 Cabinet 0.0259123 0.210094 -0.143692 0 180 0
Notebook 02 FloorProxy 0.439719 0.06 -0.0500009 0 -87.1526 0
Telephone 02 Desk 0.110029 0.248883 -0.376272 0 0 0
Cap 02 Cabinet -0.031024 -0.576776 -0.0365818 0 180 0
