Lamp 03 Desk -0.0892235 0.442535 -0.320432 0 0 0
Book 05 Cabinet -0.0291905 0.499347 0.00074172 0 180 0
PhotoFrame 02 Desk -0.134913 0.320574 -0.161688 0 0 0
Figurine 02 Cabinet -0.0524135 -0.540629 -0.0128977 0 180 0
MechanicalModel 04 Cabinet -0.0616889 -0.0776383 0.0531416 0 180 0
Clock 03 NightTable -0.100355 0.275181 0.0714833 0 -55.5417 0
Notebook 03 Desk 0.113379 0.270574 -0.369169 0 0 0
Football 01 NightTable 0.00623848 0.259195 -0.063661 0 -69.3822 0
Pen 03 Desk 0.143032 0.320663 -0.134697 0 0 0
SkaterShoe 02 FloorProxy -0.10517 0.0556195 -0.472595 0 -77.9971 0
GameHandle 02 BedSheet 0.2125 0.103507 -0.485808 0 -380.505 0
Map 01 Desk -0.104811 0.345933 0.348935 0 0 0
Laptop 02 Desk 0.0227637 0.345684 0.111815 0 0 0
Cap 02 Desk 0.11359 0.284426 0.380251 0 0 0
Backpack 01 FloorProxy 0.309192 0.14981 0.153133 0 -69.0832 0
PhotoFrame 01 Cabinet 0.0745184 0.210094 0.0651786 0 180 0
MechanicalModel 01 Cabinet -0.0504561 -0.28509 0.0474155 0 180 0
Clock 01 Cabinet 0.0893266 0.467965 0.00031352 0 180 0
Notebook 01 FloorProxy -0.189981 0.06 -0.211359 0 -124.668 0
Telephone 01 Desk -0.00922158 0.269677 -0.161057 0 0 0
Cap 01 BedSheet -0.0128248 0.115358 -0.282595 0 -385.101 0
