MechanicalModel 05 FloorProxy -0.0406011 0.0603971 -0.558 0 -146.305 0
Notebook 03 Desk -0.00586526 0.270574 0.326119 0 0 0
Football 01 Cabinet 0.029757 -0.0685853 -0.0588145 0 180 0
Plant 03 Cabinet -0.0260904 -0.518757 0.114677 0 180 0
SkaterShoe 02 FloorProxy -0.637314 0.0556195 0.501743 0 -122.61 0
GameHandle 02 BedSheet -0.17131 0.103507 0.570055 0 -464.176 0
Telephone 02 Desk -0.128958 0.248883 -0.392419 0 0 0
Laptop 01 Desk 0.000859678 0.393926 -0.0818541 0 0 0
Backpack 02 FloorProxy -0.375365 0.14981 0.227348 0 -104.977 0
Guitar 01 FloorProxy 0.376755 0.0659785 0.0659013 0 -71.0681 0
Cup 03 NightTable 0.111682 0.244965 0.00902879 0 -45.1154 0
Magazine 03 Chair -0.0115169 -0.00663202 0.0127256 0 180 0
Vase 02 NightTable -0.090758 0.300181 -0.10165 0 -53.1672 0
MakeUp 03 Cabinet -0.0977061 0.185482 -0.0206628 0 180 0
Mirror 01 Desk 0.179582 0.345574 0.278202 0 0 0
MechanicalModel 04 FloorProxy -0.665512 0.0499612 0.105374 0 -61.3852 0
Notebook 01 FloorProxy 0.813782 0.025 -0.169037 0 -69.6106 0
Telephone 01 NightTable 0.0548734 0.224285 0.0221116 0 -80.1505 0
StackBoox 02 Cabinet -0.00890136 -0.359464 0.0404708 0 180 0
Magazine 01 FloorProxy -0.725636 0.005 -0.370163 0 -112.792 0
Vase 01 NightTable -0.0170979 0.299636 0.0165976 0 -59.2676 0
MakeUp 01 Cabinet 0.0133569 0.443141 -0.0117328 0 180 0
Flower 04 Window -0.0319832 0.785058 -0.089442 0 270 0
