210845.jpg 190 192 199 255 255 255 144 200 227 91 157 189 228 234 236
210876.jpg 205 186 171 200 176 156 88 87 83 83 86 85 84 86 82
210959.jpg 217 182 137 191 155 110 217 188 140 188 157 109 217 182 137
210965.jpg 136 154 165 109 129 141 40 59 70 136 154 165 109 129 141
210990.jpg 160 160 160 160 160 160 160 160 160 160 160 160 160 160 160
210994.jpg 132 114 110 114 96 89 117 99 100 132 114 110 114 96 89
211087.jpg 142 142 142 111 112 115 111 110 115 108 112 113 125 128 127
211140.jpg 113 57 65 157 108 112 161 116 115 113 64 63 110 43 54
211333.jpg 181 176 134 204 200 169 154 149 89 230 224 217 98 91 36
211737.jpg 244 244 233 237 240 226 249 245 241 253 251 253 252 249 251
212104.jpg 230 235 233 227 232 226 252 255 255 252 255 251 230 235 233
212274.jpg 249 218 222 253 243 242 244 194 200 254 251 253 254 254 254
212569.jpg 205 217 225 249 249 249 223 227 226 237 238 243 207 206 202
d21279.jpg 191 115 100 191 130 117 188 88 69 194 124 126 197 117 121
ddd.jpg 199 113 110 211 140 138 212 139 141 200 112 114 199 113 110
