StackBoox 01 Carpet -0.456427 0.0426962 -0.0471556 0 0 0
DVD 03 TvCabinet -0.0263054 0.0987603 0.773393 0 0 0
RemoteControl 02 TvCabinet 0.0943074 0.0813772 -0.0431248 0 0 0
LoudSpeaker 01 TvCabinet -0.12238 0.164048 -0.0919664 0 0 0
Pad 01 CoffeeTable 0.121261 0.186738 -0.224644 0 0 0
GameHandle 02 CoffeeTable 0.284462 0.209599 0.0815079 0 0 0
Earphone 01 TvCabinet -0.0803526 0.139921 0.381802 0 0 0
Plant 03 Cabinet -0.00117951 -0.0788818 -0.215294 0 0 0
Book 01 Cabinet 0.0140681 0.328479 0.0512704 0 0 0
DigitalScale 03 FloorProxy -0.0145787 0.0159698 0.139455 0 -135.875 0
Flower 02 CoffeeTable -0.248167 0.333611 0.419695 0 0 0
Telephone 01 CoffeeTable 0.00661671 0.207715 0.437322 0 0 0
TeaSet 01 CoffeeTable -0.166538 0.283811 -0.337595 0 0 0
Cup 04 CoffeeTable -0.117272 0.233565 0.109121 0 0 0
Figurine 02 TvCabinet -0.0679239 0.148257 -0.295974 0 0 0
Plant 01 TvCabinet 0.120708 0.146675 -0.613466 0 0 0
Book 05 TvCabinet -0.128654 0.17964 -0.853089 0 0 0
Flower 05 CoffeeTable 0.0263397 0.334114 0.177527 0 0 0
Telephone 02 TvCabinet 0.143659 0.0765665 0.290638 0 0 0
