StackBoox 03 Cabinet 0.000606924 0.274911 -0.125772 0 0 0
DVD 02 TvCabinet -0.0131027 0.0960045 -0.398362 0 0 0
RemoteControl 02 TvCabinet -0.031464 0.0813772 0.899456 0 0 0
LoudSpeaker 01 TvCabinet -0.0117753 0.164048 -0.929917 0 0 0
Pad 01 CoffeeTable 0.172501 0.186738 0.30198 0 0 0
Plant 01 CoffeeTable -0.229481 0.257029 0.341475 0 0 0
Earphone 01 Cabinet 0.00384928 -0.109089 0.208757 0 0 0
Flower 01 CoffeeTable -0.0986549 0.333611 -0.466872 0 0 0
Book 05 TvCabinet -0.0799401 0.17964 0.513645 0 0 0
DigitalScale 01 FloorProxy -0.258348 0.035457 0.079186 0 -74.994 0
Telephone 01 TvCabinet 0.0629511 0.0973611 0.0631931 0 0 0
MP3 02 CoffeeTable -0.0171226 0.189709 0.243687 0 0 0
TeaSet 01 CoffeeTable -0.0837977 0.283811 -0.0358236 0 0 0
Goblet 03 CoffeeTable 0.120163 0.324865 -0.413434 0 0 0
GameHandle 04 FloorProxy 0.206153 0.00508698 0.185915 0 -86.4458 0
PhotoFrame 02 Cabinet 0.00570711 0.303479 0.131979 0 0 0
Plant 04 Cabinet 0.0102155 -0.124319 -0.187647 0 0 0
Flower 02 CoffeeTable 0.18033 0.333611 -0.204955 0 0 0
Telephone 02 CoffeeTable 0.235563 0.186921 -0.290579 0 0 0
Cup 01 CoffeeTable 0.119225 0.258612 0.108563 0 0 0
