StackBoox 01 Cabinet 0.0018783 -0.133057 -0.213114 0 0 0
DVD 05 TvCabinet 0.032712 0.0967013 -0.009781 0 0 0
RemoteControl 04 CoffeeTable 0.226237 0.188807 0.0841339 0 0 0
LoudSpeaker 01 TvCabinet 0.0345789 0.164048 0.574722 0 0 0
Pad 01 CoffeeTable -0.0208849 0.186738 -0.225407 0 0 0
PhotoFrame 03 Cabinet 0.0893271 0.303479 -0.0144391 0 0 0
Plant 03 TvCabinet -0.110184 0.170129 0.930373 0 0 0
Earphone 01 TvCabinet 0.101851 0.139921 0.915825 0 0 0
Flower 03 CoffeeTable -0.0901924 0.333611 0.310651 0 0 0
Book 05 Cabinet -0.00515467 0.334861 -0.0709829 0 0 0
DigitalScale 02 FloorProxy 0.257485 0.0184512 -0.10326 0 -87.8558 0
Telephone 01 TvCabinet 0.086485 0.0973611 0.396597 0 0 0
MP3 03 CoffeeTable 0.176762 0.186615 0.449705 0 0 0
Cup 03 CoffeeTable 0.230754 0.228395 -0.245647 0 0 0
Goblet 05 CoffeeTable -0.0483642 0.300489 -0.4242 0 0 0
Figurine 01 Cabinet -0.0326964 -0.100753 0.122305 0 0 0
PhotoFrame 01 TvCabinet 0.11869 0.148257 -0.629892 0 0 0
Plant 04 TvCabinet 0.107691 0.124691 -0.445305 0 0 0
Flower 02 CoffeeTable 0.0145042 0.333611 0.00514412 0 0 0
Book 01 TvCabinet -0.0627102 0.173257 -0.887551 0 0 0
Telephone 02 CoffeeTable 0.2219 0.186921 0.187277 0 0 0
GameHandle 02 FloorProxy -0.157485 0.0284512 -0.10326 0 -47.8558 0
