StackBoox 01 CoffeeTable -0.204846 0.226308 -0.315643 0 0 0
Figurine 03 Cabinet -0.00883522 -0.100378 -0.0347416 0 0 0
DVD 05 TvCabinet -0.0166507 0.0967013 -0.515438 0 0 0
RemoteControl 02 CoffeeTable 0.206309 0.191731 0.00170779 0 0 0
LoudSpeaker 01 TvCabinet -0.0761602 0.164048 0.105052 0 0 0
Pad 02 CoffeeTable -0.0716254 0.18674 0.109844 0 0 0
Plant 04 Cabinet 0.00210027 -0.124319 0.124161 0 0 0
Earphone 01 Cabinet -0.00526939 0.295143 -0.253571 0 0 0
Flower 07 CoffeeTable -0.125832 0.274087 -0.116067 0 0 0
Book 01 Cabinet -0.0238699 0.328479 0.0941563 0 0 0
DigitalScale 03 FloorProxy -0.20755 0.0159698 0.189028 0 -124.621 0
Telephone 01 CoffeeTable 0.129033 0.207715 -0.332333 0 0 0
MP3 02 TvCabinet 0.0612059 0.0793553 0.203607 0 0 0
Figurine 02 TvCabinet 0.0426717 0.148257 0.511866 0 0 0
Plant 03 CoffeeTable -0.0102074 0.280483 0.340261 0 0 0
Flower 02 Cabinet 0.0833033 0.378479 0.0324074 0 0 0
Book 05 TvCabinet -0.0978144 0.17964 0.752017 0 0 0
Telephone 02 TvCabinet 0.0825693 0.0765665 0.0190698 0 0 0
