StackBoox 01 Cabinet 0.00144804 -0.133057 -0.144062 0 0 0
DVD 05 TvCabinet -0.0165892 0.0967013 -0.0353198 0 0 0
RemoteControl 04 CoffeeTable -0.127817 0.188807 -0.0134149 0 0 0
LoudSpeaker 01 TvCabinet -0.00270614 0.164048 -1.02171 0 0 0
Pad 01 CoffeeTable 0.174095 0.186738 0.257976 0 0 0
PhotoFrame 03 Cabinet 0.105 0.303479 -0.00861835 0 0 0
Plant 03 TvCabinet 0.106827 0.170129 0.87822 0 0 0
Earphone 01 TvCabinet 0.0954786 0.139921 0.377801 0 0 0
Flower 03 CoffeeTable -0.202091 0.333611 -0.430144 0 0 0
Book 05 Cabinet -0.00500727 0.334861 -0.0610602 0 0 0
DigitalScale 02 FloorProxy -0.247002 0.0184512 0.114687 0 -87.8558 0
Telephone 01 TvCabinet 0.117449 0.0973611 -0.773154 0 0 0
MP3 03 CoffeeTable -0.0506215 0.186615 -0.269391 0 0 0
Cup 03 CoffeeTable 0.217579 0.228395 -0.131651 0 0 0
Goblet 05 CoffeeTable 0.0782522 0.300489 -0.0932586 0 0 0
Figurine 01 Cabinet -0.0480327 -0.100753 0.102826 0 0 0
PhotoFrame 01 TvCabinet 0.161577 0.148257 -0.219049 0 0 0
Plant 04 TvCabinet 0.103136 0.124691 0.66377 0 0 0
Flower 02 CoffeeTable -0.143543 0.333611 0.23044 0 0 0
Book 01 TvCabinet -0.109494 0.173257 -0.623366 0 0 0
Telephone 02 CoffeeTable 0.148593 0.186921 0.443364 0 0 0
