StackBoox 02 Carpet 0.412448 0.0260061 -0.135035 0 0 0
Figurine 02 Cabinet 0.0710201 0.303479 -0.0318817 0 0 0
DVD 03 TvCabinet -0.0178923 0.0987603 0.556925 0 0 0
RemoteControl 01 CoffeeTable 0.216254 0.200882 -0.407571 0 0 0
LoudSpeaker 01 TvCabinet -0.0187854 0.164048 -0.0455438 0 0 0
Pad 01 CoffeeTable -0.20082 0.186738 -0.42264 0 0 0
Plant 01 CoffeeTable -0.220383 0.257029 0.213764 0 0 0
Earphone 01 Cabinet 0.00292286 -0.109089 0.211087 0 0 0
Flower 05 Cabinet -0.0136439 -0.0252508 -0.133925 0 0 0
Book 04 Cabinet -0.0259528 0.328479 0.0995457 0 0 0
DigitalScale 01 FloorProxy 0.237751 0.035457 -0.115689 0 -88.6322 0
Telephone 01 CoffeeTable -0.0500668 0.207715 -0.183686 0 0 0
MP3 03 TVCabinet 0.00601959 0.182221 0.251938 0 180 0
Goblet 05 CoffeeTable 0.0481282 0.300489 0.0323639 0 0 0
Notebook 02 Sofa -0.302974 0.204217 0.820863 0 180 0
Figurine 01 TvCabinet 0.025042 0.148257 0.177387 0 0 0
PhotoFrame 02 Cabinet 0.0812679 0.303479 0.0670353 0 0 0
Plant 04 TvCabinet 0.0473984 0.124691 -0.309103 0 0 0
Flower 04 Cabinet -0.0160132 0.319456 -0.245713 0 0 0
Book 05 TvCabinet -0.0246858 0.17964 -0.72299 0 0 0
Telephone 01 TvCabinet 0.127446 0.0973611 -0.0728616 0 0 0
Cup 03 CoffeeTable 0.273922 0.228395 0.282073 0 0 0
