Football 01 Cabinet 0.0381088 0.194108 -0.00177026 0 180 0
Pen 01 Desk 0.138789 0.320646 0.267454 0 0 0
GameHandle 01 BedSheet -0.317382 0.103658 -0.444686 0 -380.534 0
StackBoox 01 Cabinet -0.0246248 0.435661 0.14614 0 180 0
Map 01 Cabinet 0.0302773 0.493324 -0.110246 0 180 0
LoudSpeaker 01 NightTable -0.0369154 0.290972 -0.077499 0 -77.136 0
Laptop 01 Desk -0.0770662 0.34572 -0.110279 0 0 0
Cap 01 BedSheet 0.0197859 0.115358 -0.56624 0 -366.127 0
Guitar 01 BedSheet 0.0127654 0.143498 0.193057 0 -450.146 0
Cup 01 Desk 0.0762656 0.320574 -0.217066 0 0 0
Earphone 01 BedSheet 0.315407 0.144184 -0.486924 0 -370.569 0
Basketball 01 FloorProxy -0.31925 0.0990477 -0.369986 0 -125.485 0
Vase 01 NightTable -0.0974652 0.299636 0.108019 0 -60.152 0
Mirror 01 Desk 0.0788176 0.345574 0.0874274 0 0 0
Handbag 01 Desk -0.172632 0.40333 0.175751 0 0 0
GiftBox 01 Cabinet -0.00887513 -0.0526673 -0.00598145 0 180 0
Cap 02 FloorProxy 0.22571 0.06 -0.210644 0 -93.6274 0
Cup 02 NightTable 0.0785656 0.255156 -0.0722332 0 -53.7014 0
Vase 02 NightTable -0.00819144 0.300181 0.0597441 0 -74.6324 0
GirlShoe 02 Cabinet 0.0198205 -0.572869 0.036006 0 180 0
GiftBox 02 Cabinet 0.0122964 -0.310986 0.0676425 0 180 0
