Lamp 03 NightTable -0.0011602 0.397142 0.000175953 0 -71.6001 0
Book 03 Cabinet -0.000993013 0.493159 0.0106473 0 180 0
PhotoFrame 01 Cabinet -6.03199e-05 0.210094 0.00210547 0 180 0
Doll 02 FloorProxy -0.0174797 0.15 -0.000407696 0 -146.048 0
Figurine 01 Cabinet -0.00100255 -0.540629 -0.0233252 0 180 0
Flower 02 Desk -0.116341 0.395574 0.17439 0 0 0
Clock 02 Desk 0.00391959 0.320574 0.0779219 0 0 0
Notebook 02 Desk 0.130928 0.270574 -0.026355 0 0 0
Plant 04 Desk 0.0960025 0.297008 -0.260378 0 0 0
StackBoox 01 Bed -0.539712 0.0768193 -0.581083 0 -44.65 0
Map 01 Cabinet 0.000198603 -0.285111 0.0119035 0 -57.154 0
Pen 03 Cabinet 0.00207806 -0.0525102 0.00814819 0 180 0
LoudSpeaker 01 Desk -0.0812392 0.336364 -0.104407 0 0 0
GiftBox 04 Desk -0.0832685 0.34931 -0.365837 0 0 0
Laptop 02 Desk 0.0756629 0.345684 0.308273 0 0 0
