Lamp 03 Desk 0.0716905 0.442535 0.00479555 0 0 0
Book 01 Desk -0.125173 0.345574 -0.138197 0 0 0
PhotoFrame 03 Cabinet 0.000604391 0.467965 0.112847 0 180 0
Doll 02 Desk 0.0550048 0.395574 0.237873 0 0 0
Figurine 01 Cabinet 0.00151873 -0.0525995 0.0108254 0 180 0
Flower 02 NightTable 0.00270413 0.350181 -0.0951166 0 0 0
Clock 01 NightTable 0.027651 0.275181 0.0642109 0 -60.2907 0
Notebook 03 FloorProxy -0.00458145 0.0750001 0.00422978 0 -118.175 0
Plant 04 Cabinet 0.00103664 -0.334036 0.00934577 0 180 0
StackBoox 01 Cabinet -0.00473666 0.17779 0.0574207 0 180 0
Map 01 Cabinet 0.000107288 0.235454 -0.145174 0 -47.998 0
Pen 02 Cabinet -0.0312774 0.467646 0.0137377 0 180 0
LoudSpeaker 01 Desk -0.122512 0.336364 0.251257 0 0 0
GiftBox 02 Cabinet -0.000319242 -0.541144 -0.0153756 0 180 0
Laptop 01 Desk 0.0919821 0.34572 -0.218029 0 0 0
