Lamp 03 NightTable -0.0476469 0.397142 -0.0845861 0 -49.7215 0
Book 05 Cabinet -0.000135899 0.499347 0.00989652 0 180 0
PhotoFrame 01 Cabinet -0.000390768 0.210094 0.00748658 0 180 0
Doll 04 BedSheet 0.0146441 0.245951 -0.0354787 0 0 0
Figurine 02 Cabinet -0.00165939 -0.0525995 0.0094533 0 180 0
Flower 04 Window -0.00338256 0.785058 -0.00027436 0 270 0
Clock 03 NightTable -0.0456937 0.275181 0.0815688 0 -73.9142 0
Notebook 03 NightTable 0.0228493 0.225181 0.0140108 0 -46.9007 0
Plant 01 Desk 0.0778042 0.318991 0.242436 0 0 0
StackBoox 02 Cabinet -0.000425816 -0.359464 0.0100327 0 180 0
Map 01 Desk -0.0258064 0.345933 -0.358293 0 0 0
Pen 02 Desk 0.113938 0.320255 -0.314184 0 0 0
LoudSpeaker 01 Desk -0.123835 0.336364 0.27704 0 0 0
GiftBox 05 BedSheet -0.0218592 0.131802 0.240479 0 0 0
Laptop 01 Desk -0.00930153 0.34572 -0.136889 0 0 0
