PhotoFrame 02 Cabinet -0.0333483 0.467965 -0.106543 0 180 0
MechanicalModel 04 Desk -0.0465949 0.295535 -0.020267 0 0 0
Doll 03 BedSheet -0.00509572 0.17514 0.31065 0 -466.366 0
Figurine 03 Desk -0.0469749 0.320949 0.275285 0 0 0
Flower 06 NightTable -0.0568089 0.381533 -0.0828193 0 -86.2178 0
Clock 02 Cabinet 0.00515223 0.467965 0.0258784 0 180 0
Notebook 02 Desk 0.112305 0.270574 0.202073 0 0 0
StackBoox 02 Desk 0.049934 0.27158 -0.309483 0 0 0
Map 01 Cabinet -0.0431528 0.493324 0.198119 0 180 0
Football 01 Cabinet 0.0422394 0.194108 -0.154277 0 180 0
Pen 03 Desk 0.00301197 0.320663 0.197975 0 0 0
LoudSpeaker 01 Desk -0.121187 0.336364 -0.330981 0 0 0
GiftBox 04 Cabinet 0.00116682 -0.281733 -0.16214 0 180 0
Laptop 01 Desk 0.100789 0.34572 -0.0616536 0 0 0
PhotoFrame 03 NightTable 0.0736715 0.275181 -0.104382 0 -57.8036 0
MechanicalModel 03 Cabinet 0.0138628 0.159921 0.15288 0 180 0
Flower 07 Cabinet -0.00442052 -0.037124 0.0166144 0 180 0
Clock 01 NightTable 0.00505589 0.275181 0.0774791 0 -60.5269 0
Notebook 01 BedSheet 0.189915 0.12076 0.00299263 0 -363.223 0
MechanicalModel 05 Cabinet -0.0773184 -0.0672024 -0.159927 0 180 0
Figurine 01 Cabinet -0.00259519 0.210094 0.0129263 0 180 0
Plant 04 Cabinet -0.0114164 -0.334036 0.0365012 0 180 0
GiftBox 02 Cabinet -0.00032258 -0.541144 -0.0155301 0 180 0
