
Flower 01 SideTable -0.0951753 0.374944 -0.04468 0 270 0

Book 05 Cabinet  -0.0311646 0.486484 -0.0937245 0 270 0
Figurine 02 Cabinet 0 0.0968948 -0.108972 0 270 0
PhotoFrame 01 Cabinet 0.113522 0.088766 -0.000380605 0 270 0
PhotoFrame 02 Cabinet -0.113522 0.088766 -0.000380605 0 270 0
Plant 03 Cabinet 0.113522 -0.25 -0.000380605 0 180 0
Plant 05 Cabinet -0.118052 -0.20 0.00738335 0 270 0
GiftBox 06 Cabinet -0.08859022 -0.643223 -0.00299889 0 270 0
GiftBox 07 Cabinet 0.10859022 -0.643223 0.10299889 0 270 0
Vase 01 SideTable -0.0531483 -0.0612191 -0.000101388 0 270 0

GiftBox 04 Dresser 0.0385628 0.453737 -0.185565 0 180 0
Telephone 02 CoffeeTable 0.583696 0.198775 -0.0421578 0 90 0

Lamp 02 Dresser 0.00476217 0.546901 0.264919 0 180 0
Figurine 03 Cabinet 0.00736046 0.461665 0.00537553 0 270 0
Vase 02 SideTable 0.0529258 -0.0606741 -0.00298685 0 270 0
//Telephone 01 SideTable 0.132347 0.249048 0.0173602 0 270 0
Flower 07 CoffeeTable 0 0.285941 0 0 180 0
Goblet 03 CoffeeTable 0.2 0.316197 0.1 0 270 0
Flower 04 SideTable 0.05 0.326443 0.129812 0 180 0
//Candle 01 CoffeeTable -0.210873 0.2944 0.00462651 0 90 0
Candle 02 CoffeeTable -0.210873 0.231754 -0.05 0 90 0
Candle 02 CoffeeTable -0.410873 0.231754 -0.05 0 90 0
Candle 04 CoffeeTable -0.310873 0.3944 0.0800765 0 90 0
Doll 04 Sofa 0 0.16 0.05 0 270 0
//CrystalBall 03 CoffeeTable -0.110873 0.294797 0.00462651 0 90 0
Figurine 01 Cabinet 0.00245953 0.46129 -0.079425 0 270 0
Flower 05 Dresser -0.0415397 0.554484 -0.392357 0 180 0
