Book 01 Cabinet 0 0.48629 0 0 270 0
Book 02 Cabinet 0 0.11629 0 0 270 0
Figurine 01 Cabinet -0.1154305 -0.255629 -0.000645742 0 270 0
Figurine 03 Cabinet 0.1154305 -0.255629 -0.000645742 0 270 0
Plant 03 Cabinet -0.1154305 -0.605629 -0.000645742 0 270 0
Plant 02 Cabinet 0.15133801 -0.616301 -0.00150746 0 270 0
Plant 05 SideTable -0.0106423 -0.0114565 0.0813384 0 270 0
Telephone 02 SideTable -0.103034 0.228253 0.153498 0 270 0
Lamp 03 SideTable 0.124715 0.421905 -0.135481 0 270 0
Cup 03 SideTable 0.1229273 0.269728 0.100755 0 270 0
Figurine 02 SideTable 0.00492406 -0.0856741 -0.0163516 0 270 0
Earphone 01 SideTable -0.0429273 0.269728 -0.100755 0 270 0
StackBoox 02 CoffeeTable -0.266893 0.221472 0.0999353 0 90 0
MP3 02 CoffeeTable -0.467004 0.201563 -0.163148 0 90 0
//Cup 01 CoffeeTable 0.327954 0.270465 -0.162155 0 90 0

Telephone 01 CoffeeTable -0.209767 0.219569 -0.148325 0 90 0
Flower 02 CoffeeTable 0.437246 0.345465 0 0 90 0
RemoteControl 02 Sofa -0.311317 0.053585 0.200143 0 120 0
Pad 02 CoffeeTable 0 0.198594 -0.108636 0 90 0
GameHandle 01 SingleSofa 0.1 0.0 -0.1 0 0 0
Flower 07 Dresser -0.00386 0.440475 -0.00163364 0 180 0
PhotoFrame 01 Dresser -0.00386 0.440475 0.2863364 0 180 0
PhotoFrame 03 Dresser -0.00386 0.440475 0.45163364 0 180 0
Lamp 03 Dresser 0.00156116 0.550699 -0.292479 0 180 0
DigitalScale 02 FloorProxy -2.00315 0.0184512 -0.856783 0 0 0

