Lamp 01 Desk 0.0594348 0.446273 -0.214672 0 0 0
Book 01 Cabinet -0.0500128 0.492965 0.00612712 0 180 0
Notebook 01 FloorProxy 0.087283 0.085 0.107227 0 -113.583 0
Plant 01 Cabinet 0.00882769 -0.0541821 -0.0633643 0 180 0
Pen 01 Desk 0.0818061 0.320646 0.160756 0 0 0
SkaterShoe 01 FloorProxy 0.315554 0.140284 0.134409 0 -106.167 0
TrashBin 01 FloorProxy -0.188938 0.21033 -0.397411 0 -62.7805 0
GameHandle 01 BedSheet -0.485237 0.103658 0.458021 0 -407.195 0
Map 01 NightTable 0.0634665 0.300541 -0.0291002 0 -69.5909 0
LoudSpeaker 01 Desk -0.14406842 0.336364 -0.2480692 0 0 0
Cap 01 FloorProxy 0.523196 0.0978385 -0.35644 0 -37.2292 0
Backpack 01 Desk 0.0955783 0.394627 0.32051 0 0 0
Magazine 01 FloorProxy -0.572894 0.065 0.507038 0 -76.6054 0
Vase 01 NightTable -0.0102462 0.299636 0.119617 0 -67.5076 0
EiffelTower 01 Cabinet 0.00555491 -0.0270884 0.19816 0 180 0
MakeUp 01 Cabinet -0.0723252 0.18527 0.154405 0 180 0
Flower 01 NightTable -0.0792611 0.350181 -0.0438273 0 -73.8317 0
Book 02 Desk -0.125334 0.345985 0.158941 0 0 0
MechanicalModel 01 Cabinet -0.0756917 0.235474 -0.184355 0 180 0
Notebook 02 Desk 0.121925 0.270574 0.0034508 0 0 0
Plant 02 Cabinet -0.0231678 -0.294876 0.114373 0 180 0
Doll 02 BedSheet 0.13798 0.22752 -0.0902297 0 -374.971 0
Magazine 02 FloorProxy -0.410588 0.06 -0.17472 0 -68.1787 0
Vase 02 NightTable 0.0864761 0.300181 0.117528 0 -61.8 0
MakeUp 02 Cabinet 0.085798 0.44209 -0.000891447 0 180 0
