Lamp 03 SideTable 0.115194 0.411851 -0.114701 0 0 0
PhotoFrame 01 Cabinet 0.159801 0.0968948 0.128092 0 270 0
Figurine 02 Cabinet -0.053563 -0.2675 0.103116 0 270 0
MechanicalModel 03 Cabinet 0.0562133 -0.317674 -0.0377481 0 270 0
Notebook 02 FloorProxy 0.472427 0.0250001 0.222282 0 -97.524 0
Football 01 Cabinet -0.17516 -0.647881 0.067023 0 270 0
Plant 03 Cabinet 0.146232 -0.610024 0.0575366 0 270 0
Pen 03 Cabinet -0.0948824 0.461379 0.0445001 0 270 0
SkaterShoe 01 FloorProxy 0.183211 0.0840284 0.377601 0 -136.893 0
StackBoox 02 SideTable 0.0903962 0.240896 0.170225 0 0 0
TrashBin 01 FloorProxy -1.1799 0.15033 -0.275348 0 -87.5884 0
GameHandle 03 FloorProxy -0.705747 0.00601416 0.0580645 0 -109.899 0
Telephone 01 NightTable 0.162181 0.27433 0.00863761 0 -83.8488 0
Map 01 Cabinet -0.138714 -0.606536 -0.0783625 0 270 0
LoudSpeaker 01 FloorProxy -0.227323 0.0907906 0.737683 0 -48.0255 0
Laptop 01 BedSheet -0.381436 0.219718 -0.313863 0 -465.681 0
Cap 01 Cabinet -0.172831 -0.304662 0.053246 0 270 0
Backpack 01 FloorProxy -0.84664 0.149054 0.372184 0 -145.012 0
Lamp 03 NightTable 0.0645943 0.447187 -0.028116 0 -52.4668 0
Book 03 Cabinet -0.034105 0.486484 -0.0835934 0 270 0
PhotoFrame 02 Cabinet 0.135784 0.46129 0.0722795 0 270 0
Figurine 01 Cabinet -0.0197616 0.0968948 -0.0228512 0 270 0
MechanicalModel 02 NightTable -0.0794971 0.350048 0.06067 0 -77.1154 0
Notebook 03 BedSheet 0.164541 0.144572 -0.174218 0 -438.478 0
Telephone 02 Cabinet 0.135688 0.025204 0.00273824 0 270 0
Cap 02 BedSheet -0.394512 0.158425 -0.00271344 0 -385.306 0
