Lamp 01 NightTable 0.0483712 0.450925 0.00173593 0 -65.7002 0
PhotoFrame 03 Window -0.00798403 0.750798 -0.564069 0 0 0
Figurine 01 NightTable 0.154873 0.325226 -0.00138503 0 -50.5112 0
Notebook 01 FloorProxy 1.14783 0.025 0.580261 0 -60.8249 0
Football 01 FloorProxy -1.20402 0.0590142 -0.0780053 0 -137.34 0
Pen 02 Cabinet 0.0784639 0.460971 -0.00675941 0 270 0
SkaterShoe 02 FloorProxy -0.451243 0.0556195 0.348678 0 -92.1039 0
TrashBin 01 FloorProxy 1.06575 0.15033 0.221409 0 -131.964 0
GameHandle 03 FloorProxy 1.273 0.00601416 -0.813573 0 -87.1783 0
LoudSpeaker 01 Cabinet -0.17516 0.112685 -0.110651 0 270 0
Laptop 01 BedSheet 0.164533 0.219718 -0.22395 0 -416.058 0
Cap 02 BedSheet -0.284724 0.158425 -0.244692 0 -411.333 0
Backpack 01 FloorProxy -0.189949 0.149054 0.501596 0 -85.5193 0
Lamp 03 SideTable -0.0232141 0.411851 -0.15418 0 0 0
PhotoFrame 01 SideTable 0.0274197 0.28989 -0.00667596 0 0 0
Figurine 03 Cabinet -0.0286471 0.0972698 0.0946908 0 270 0
MechanicalModel 02 Cabinet 0.111821 -0.242678 -0.0986388 0 270 0
Clock 01 Cabinet -0.17516 0.46129 0.0355358 0 270 0
Notebook 02 BedSheet -0.581473 0.144572 -0.165627 0 -435.464 0
Plant 05 Cabinet 0.126323 -0.557678 0.0237713 0 270 0
Telephone 02 Cabinet -0.17516 0.389599 -0.0908585 0 270 0
Cap 01 Cabinet 0.109157 0.0597333 0.0737348 0 270 0
