Lamp 01 SideTable -0.105366 0.415589 -0.0569725 0 0 0
PhotoFrame 03 Cabinet -0.0837037 0.0968948 0.0721183 0 270 0
Figurine 02 Cabinet 0.144272 -0.2675 0.0914176 0 270 0
MechanicalModel 02 Cabinet -0.17516 0.121717 -0.126167 0 270 0
Clock 03 NightTable 0.0313796 0.325226 -0.0155209 0 -58.5301 0
Notebook 02 FloorProxy 0.0971775 0.0250001 0.306616 0 -149.268 0
Football 01 Cabinet -0.0389182 -0.283486 -0.111192 0 270 0
Plant 02 Cabinet 0.175159 -0.616301 -0.0326622 0 270 0
Pen 03 Cabinet 0.107361 0.461379 -0.00821829 0 270 0
SkaterShoe 01 FloorProxy 0.294523 0.0840284 0.426744 0 -130.162 0
StackBoox 02 FloorProxy -0.546533 0.0260061 0.300644 0 -62.8867 0
TrashBin 01 FloorProxy 1.01657 0.15033 -0.527915 0 -39.8111 0
GameHandle 02 BedSheet 0.543807 0.14556 0.0156693 0 -407.752 0
Telephone 02 NightTable -0.014418 0.253536 -0.0273632 0 -61.0584 0
Map 01 Cabinet 0.160939 0.122254 0.000344515 0 270 0
LoudSpeaker 01 FloorProxy -0.645387 0.0907906 0.764188 0 -56.1739 0
Laptop 01 BedSheet 0.216548 0.219718 -0.318646 0 -459.88 0
Cap 01 Cabinet 0.144173 -0.304662 -0.0592704 0 270 0
Backpack 02 FloorProxy 1.08834 0.14981 -0.868287 0 -135.446 0
PhotoFrame 01 SideTable 0.0847213 0.28989 -0.0562201 0 0 0
Figurine 01 NightTable -0.0911043 0.325226 0.106018 0 -73.384 0
MechanicalModel 01 FloorProxy -1.22567 0.10038 0.567236 0 -89.7894 0
Clock 01 Cabinet -0.0271675 0.46129 0.0130384 0 270 0
Notebook 03 BedSheet 0.0517523 0.144572 0.0570841 0 -478.78 0
Plant 05 Cabinet -0.141851 -0.557678 0.0183351 0 270 0
Telephone 01 Cabinet -0.157402 0.410394 -0.051723 0 270 0
Cap 02 BedSheet -0.388972 0.158425 -0.405369 0 -374.25 0
