Book 02 Cabinet -0.02 0.493376 0.000456095 0 180 0
Doll 02 BedSheet -0.408862 0.27752 0.252233 0 0 0
Doll 03 BedSheet 0.338862 0.15 0.352233 0 -135 0
Clock 02 NightTable 0.034137 0.275181 0.1046936 0 -60 0
Notebook 03 Desk 0.1201888 0.270574 0.0381045 0 0 0
Pen 02 Desk 0.0501888 0.320574 0.2381045 0 0 0
Flower 02 Cabinet -0.07641 -0.0310 -0.0663874 0 180 0
PhotoFrame 03 Cabinet -0.07641 -0.0525995 0.1263874 0 180 0
Mirror 01 Cabinet 0.008641 0.230094 -0.18 0 180 0
Flower 01 NightTable 0.0710749 0.345556 -0.0874755 0 0 0
Lamp 02 NightTable -0.0510749 0.375556 0.0074755 0 -75 0
Cup 04 Desk 0.142155 0.320574 -0.1757449 0 0 0
Plant 05 Desk -0.1227222 0.394791 -0.264454 0 0 0
MakeUp 01 Cabinet 0.035562 0.18 0.0392611 0 180 0
Flower 06 FloorProxy 1.0 0.25 -1.05 0 0 0
GiftBox 07 Cabinet -0.032641 -0.3610 0.1463874 0 180 0
GiftBox 04 Cabinet -0.022641 -0.2910 -0.1463874 0 180 0
GirlShoe 01 Cabinet -0.05 -0.570629 0.123087 0 180 0
GirlShoe 02 Cabinet -0.05 -0.570629 -0.1233087 0 180 0
Book 05 Desk -0.142155 0.320574 0.1457449 0 0 0
