Goblet 02 CoffeeTable 0.0174776 -0.00719225 0.304742 0 0 0
PhotoFrame 03 Cabinet 0.0809622 0.303479 0.00280404 0 0 0
Figurine 03 TvCabinet 0.00309697 0.148632 -0.272447 0 0 0
Plant 05 Cabinet 0.00524449 -0.0265356 -0.21178 0 0 0
Vase 02 TvCabinet 0.0983823 0.173257 0.969104 0 0 0
CrystalBall 01 CoffeeTable -0.0997301 -0.0172345 0.148034 0 0 0
Cup 03 CoffeeTable 0.282798 0.228395 0.154456 0 0 0
DVD 05 TvCabinet 0.00242825 0.0967013 0.479612 0 0 0
Book 05 Cabinet -0.0224599 0.328673 0.0937335 0 0 0
Telephone 02 CoffeeTable 0.0334061 0.186921 0.440651 0 0 0
Map 01 Cabinet -0.0225311 0.328838 -0.253927 0 0 0
Flower 06 CoffeeTable -0.0255427 0.364963 0.149561 0 0 0
Candle 04 CoffeeTable -0.123052 0.382546 0.445909 0 0 0
Figurine 02 Cabinet -0.00284644 -0.100753 0.180441 0 0 0
Plant 02 TvCabinet 0.0708947 0.163852 -0.109081 0 0 0
Magazine 01 CoffeeTable -0.169667 0.188611 0.265047 0 0 0
TeaSet 01 CoffeeTable -0.13704 0.308861 -0.223487 0 0 0
Book 01 TvCabinet -0.0485 0.173257 -0.774448 0 0 0
Telephone 02 TvCabinet -0.0553377 0.0765665 0.113378 0 0 0
Laptop 02 CoffeeTable 0.182047 0.283722 -0.0799918 0 0 0
