Flower 04 CoffeeTable 0.15222 0.274589 0.045809 0 0 0
StackBoox 01 CoffeeTable -0.0073005 0.226308 -0.460965 0 0 0
Plant 02 TvCabinet 0.0718601 0.163852 -1.02545 0 0 0
Cup 03 CoffeeTable 0.281553 0.228395 0.299724 0 0 0
GiftBox 07 TvCabinet -0.0753568 0.101966 -0.47746 0 0 0
TeaSet 01 CoffeeTable -0.120014 0.283811 0.32537 0 0 0
DVD 04 TvCabinet 0.00295344 0.133809 0.476054 0 0 0
Book 01 TvCabinet -0.115541 0.173257 -0.878065 0 0 0
Telephone 01 CoffeeTable 0.200519 0.207715 -0.470913 0 0 0
Laptop 02 CoffeeTable -0.0846752 0.283722 -0.0414147 0 0 0
Flower 07 Cabinet 0.0190332 -0.0852777 0.130445 0 0 0
PhotoFrame 02 Cabinet 0.0957334 0.303479 -0.0465353 0 0 0
Figurine 03 TvCabinet 0.0296714 0.148632 0.834336 0 0 0
Vase 01 TvCabinet 0.137474 0.172712 0.00367749 0 0 0
CrystalBall 03 CoffeeTable -0.228697 0.282943 -0.307033 0 0 0
Book 05 Cabinet -0.00482782 0.334861 0.0532142 0 0 0
Telephone 02 TvCabinet 0.102335 0.0765665 -0.658229 0 0 0
EiffelTower 01 Cabinet -0.00210779 -0.0752421 -0.210904 0 0 0
