Flower 03 Cabinet -0.0528913 0.378479 0.116119 0 0 0
StackBoox 02 CoffeeTable 0.174962 0.209618 0.167827 0 0 0
Candle 03 CoffeeTable -0.277063 0.20525 -0.112252 0 0 0
Goblet 03 CoffeeTable -0.230766 0.349792 -0.380741 0 0 0
PhotoFrame 02 Cabinet 0.049037 0.303479 0.292095 0 0 0
Figurine 03 TvCabinet 0.0323776 0.148632 -0.478832 0 0 0
Plant 01 Cabinet 0.00468041 0.301896 -0.15327 0 0 0
Cup 02 CoffeeTable 0.24547 0.238587 -0.205658 0 0 0
GiftBox 04 Cabinet 0.00139271 -0.0720163 0.157622 0 0 0
DVD 03 TvCabinet 0.0193235 0.0987603 0.743178 0 0 0
Book 01 TvCabinet -0.0296817 0.173257 -0.870809 0 0 0
Telephone 02 CoffeeTable 0.00205553 0.186921 0.0455973 0 0 0
Map 01 Cabinet -0.0496586 0.328838 0.272896 0 0 0
Flower 05 CoffeeTable 0.164545 0.334114 0.436088 0 0 0
PhotoFrame 01 TvCabinet 0.0500342 0.148257 0.248757 0 0 0
Figurine 02 TvCabinet -0.162948 0.148257 -0.217853 0 0 0
Plant 02 CoffeeTable -0.00533366 0.274206 -0.186491 0 0 0
Vase 01 Cabinet 0.037333 0.327934 0.149376 0 0 0
CrystalBall 02 CoffeeTable -0.178244 0.252946 0.196853 0 0 0
Magazine 01 CoffeeTable 0.227696 0.188611 -0.399323 0 0 0
GiftBox 02 Cabinet -0.00719316 -0.101269 -0.227793 0 0 0
Telephone 01 TvCabinet -0.0300187 0.0973611 0.104729 0 0 0
