Flower CoffeeTable -0.108699 0.283611 -0.319402 0 0 0
Candle CoffeeTable 0.172029 0.305365 -0.0538478 0 0 0
Goblet CoffeeTable 0.179041 0.367216 -0.384564 0 0 0
PhotoFrame TvCabinet 0.16775 0.148257 -0.956081 0 0 0
Figurine Cabinet 0.00236141 -0.100753 -0.118265 0 0 0
Plant Cabinet 0.00391145 -0.102336 0.136405 0 0 0
CrystalBall CoffeeTable -0.0461553 0.313641 0.420562 0 0 0
Magazine Sofa 0.27329 0.184217 0.200666 0 180 0
GiftBox TvCabinet -0.0837257 0.148189 1.02607 0 0 0
DVD TvCabinet -0.0212552 0.1073 -0.571297 0 0 0
Flower Cabinet -0.0442489 0.328479 -0.126216 0 0 0
StackBoox Cabinet -0.00529759 0.281849 0.141998 0 0 0
Figurine TvCabinet 0.0612963 0.148257 0.154161 0 0 0
Plant CoffeeTable -0.100858 0.274206 -0.434757 0 0 0
Cup CoffeeTable 0.244778 0.258612 0.0247555 0 0 0
Magazine CoffeeTable 0.226064 0.188611 0.274182 0 0 0
TeaSet CoffeeTable -0.102151 0.308861 0.0788486 0 0 0
