Flower CoffeeTable 0.137834 0.427064 0.136903 0 0 0
Candle CoffeeTable 0.134484 0.382546 -0.278926 0 0 0
Goblet CoffeeTable 0.178466 0.405792 0.365238 0 0 0
PhotoFrame TvCabinet 0.169436 0.148257 0.787737 0 0 0
Figurine Cabinet -0.00161824 0.303854 -0.116364 0 0 0
CrystalBall CoffeeTable -0.00817406 0.316054 -0.458571 0 0 0
Magazine Sofa -0.127959 0.184217 -0.270064 0 180 0
GiftBox TvCabinet -0.106231 0.176994 -0.974947 0 0 0
DVD TvCabinet -0.0453608 0.0967013 0.688057 0 0 0
StackBoox Cabinet 0.0214102 -0.143246 -0.0606011 0 0 0
Figurine TvCabinet 0.0967772 0.148257 -0.559871 0 0 0
Plant CoffeeTable -0.20849 0.257029 -0.220593 0 0 0
Cup CoffeeTable 0.294351 0.258612 -0.169445 0 0 0
Magazine CoffeeTable 0.0141088 0.188611 -0.135299 0 0 0
TeaSet CoffeeTable -0.141579 0.308861 0.261772 0 0 0
