Flower CoffeeTable 0.226982 0.31079 -0.201724 0 0 0
Candle CoffeeTable -0.229776 0.382546 -0.480317 0 0 0
Goblet CoffeeTable -0.0179296 0.367216 -0.203886 0 0 0
PhotoFrame TvCabinet 0.15373 0.148257 0.530746 0 0 0
Figurine Cabinet 0.0434619 0.303479 -0.199741 0 0 0
CrystalBall CoffeeTable 0.232675 0.276058 0.415075 0 0 0
Magazine Sofa 0.0622385 0.184217 -0.062824 0 180 0
GiftBox TvCabinet -0.1301 0.1093 -0.928939 0 0 0
DVD TvCabinet 0.0227707 0.0967013 0.863847 0 0 0
StackBoox Cabinet -0.0184818 -0.122383 0.175448 0 0 0
Figurine TvCabinet -0.0136815 0.148257 -0.241023 0 0 0
Plant CoffeeTable 0.106926 0.235045 -0.422051 0 0 0
Cup CoffeeTable 0.309505 0.258612 -0.130457 0 0 0
Magazine CoffeeTable 0.18032 0.188611 0.125222 0 0 0
TeaSet CoffeeTable -0.132513 0.308861 0.222005 0 0 0
