Goblet CoffeeTable 0.205417 0.367216 0.26897 0 0 0
Figurine Cabinet -0.0579011 0.303479 0.145414 0 0 0
Vase Cabinet -0.0181883 -0.0762982 -0.283509 0 0 0
Cup CoffeeTable 0.273902 0.258612 -0.209511 0 0 0
Magazine Sofa 0.292171 0.184217 0.55485 0 180 0
GiftBox TvCabinet -0.00897326 0.148189 0.354689 0 0 0
DVD TvCabinet 0.00166866 0.1073 -0.517646 0 0 0
Flower CoffeeTable -0.150666 0.283611 -0.305325 0 0 0
StackBoox Cabinet 0.000315197 -0.122383 0.115353 0 0 0
Plant CoffeeTable 0.168616 0.274206 -0.380771 0 0 0
Vase TvCabinet 0.0430023 0.173257 0.143656 0 0 0
CrystalBall CoffeeTable 0.218636 0.313641 -0.0690279 0 0 0
TeaSet CoffeeTable -0.11328 0.308861 0.252587 0 0 0
