209385.jpg 68 41 33 62 33 21 100 72 64 47 18 6 56 29 32
209992.jpg 161 122 90 168 134 105 62 31 21 41 13 16 48 24 26
210116.jpg 122 60 30 110 47 17 114 65 48 42 34 31 122 60 30
210277.jpg 235 175 125 246 195 152 214 141 83 235 175 125 246 195 152
210292.jpg 220 214 194 229 219 210 197 188 152 238 229 232 227 232 218
210296.jpg 227 219 193 216 200 165 218 194 162 229 213 195 226 233 213
210350.jpg 229 213 150 221 202 124 203 173 76 231 221 193 237 220 201
a1.jpg 107 142 155 63 97 108 158 180 195 107 142 155 63 97 108
a2.jpg 206 198 173 190 176 147 215 202 185 113 99 65 191 171 145
a3.jpg 228 227 225 225 222 223 226 221 219 228 228 228 225 225 227
d21279.jpg 251 210 206 249 198 195 252 210 211 250 195 197 251 210 206
d21280.jpg 134 111 131 132 104 128 138 117 129 133 118 137 134 111 131
d21281.jpg 151 152 81 174 175 109 127 131 50 151 152 81 174 175 109
ddd2.jpg 205 190 176 204 195 179 199 180 158 203 187 162 205 190 176
floor.jpg 207 161 111 218 179 136 180 121 69 233 211 189 211 173 113
floor1.jpg 154 92 50 161 102 65 120 63 20 154 92 50 161 102 65
white.jpg 231 216 196 230 217 194 215 198 168 217 196 169 231 216 196
wood01.jpg 214 138 162 214 119 148 214 138 162 214 119 148 214 138 162
wood02.jpg 232 228 218 234 228 221 232 228 218 234 228 221 232 228 218
wood03.jpg 181 129 149 182 109 136 179 145 158 181 129 149 182 109 136
wood04.jpg 148 79 96 148 94 106 148 58 80 148 79 96 148 94 106
