StackBoox 03 CoffeeTable 0.104311 0.230044 0.409262 0 0 0
DVD 02 TvCabinet 0.0286413 0.0960045 -0.0495025 0 0 0
GameHandle 02 FloorProxy -0.0750725 0.06508698 -0.0765905 0 -94.6931 0
Book 05 Cabinet -0.00553856 0.334861 -0.0735061 0 0 0
Telephone 02 CoffeeTable -0.219342 0.186921 0.210644 0 0 0
MP3 03 CoffeeTable 0.127897 0.186615 -0.24524 0 0 0
Laptop 01 CoffeeTable 0.181291 0.283758 0.0354941 0 0 0
Clock 01 Cabinet 0.0480596 0.303479 0.269394 0 0 0
BalletShoe 01 FloorProxy 0.14528 0.0807399 0.180709 0 -99.0878 0
GiftBox 01 Cabinet -0.00350923 -0.100821 -0.202157 0 0 0
Vase 01 Cabinet -0.000194639 -0.0762982 0.122243 0 0 0
Book 01 TvCabinet -0.113272 0.173257 0.723026 0 0 0
Flower 06 CoffeeTable -0.150682 0.364963 0.369858 0 0 0
Telephone 01 TvCabinet 0.00970598 0.0973611 0.365341 0 0 0
TeaSet 01 CoffeeTable -0.132594 0.283811 -0.0843425 0 0 0
GiftBox 03 TvCabinet -0.0506914 0.148257 -0.780235 0 0 0
Vase 02 TvCabinet 0.115884 0.173257 -0.456612 0 0 0
