Figurine 01 Cabinet 0.0824926 0.303479 -0.00467288 0 0 0
StackBoox 01 Cabinet 0.00623969 0.271175 -0.259946 0 0 0
RemoteControl 04 CoffeeTable 0.0892544 0.188807 0.31957 0 0 0
LoudSpeaker 01 TvCabinet -0.0247333 0.164048 0.660423 0 0 0
Pad 02 CoffeeTable -0.096454 0.18674 0.0972528 0 0 0
Earphone 01 TvCabinet 0.0743625 0.139921 -0.130929 0 0 0
Plant 05 TvCabinet -0.064299 0.222475 0.981079 0 0 0
Book 05 TvCabinet -0.0806345 0.17964 -0.769272 0 0 0
DigitalScale 01 FloorProxy -0.159654 0.035457 0.0691178 0 -81.0733 0
Cup 04 CoffeeTable 0.0278143 0.233565 -0.0835018 0 0 0
Magazine 02 CoffeeTable -0.127407 0.188611 -0.181343 0 0 0
GiftBox 05 Cabinet -0.0112377 -0.139711 0.00857544 0 0 0
CrystalBall 03 CoffeeTable -0.049167 0.282943 -0.433799 0 0 0
Vase 02 Cabinet 0.0826561 0.328479 0.0737486 0 0 0
Figurine 02 TvCabinet -0.00381321 0.148257 -0.277249 0 0 0
Plant 04 TvCabinet 0.0225345 0.124691 0.441135 0 0 0
Book 03 Cabinet -0.025706 0.328673 0.0899297 0 0 0
GiftBox 04 Cabinet -0.0100278 -0.0720163 0.252125 0 0 0
BalletShoe 01 FloorProxy 0.159654 0.035457 0.0691178 0 -81.0733 0
