Lamp 01 Desk -0.0370401 0.446273 -0.249553 0 0 0
Book 01 Cabinet -0.0383933 0.492965 0.00809026 0 180 0
PhotoFrame 01 Cabinet -0.0470898 0.210094 0.113242 0 180 0
Figurine 01 Cabinet -0.0191343 -0.31047 -0.0996563 0 180 0
Clock 01 NightTable 0.0660837 0.275181 0.0608804 0 -78.2745 0
GiftBox 01 FloorProxy -0.750642 0.0749322 0.0559688 0 -60.3928 0
Notebook 01 FloorProxy -0.0610418 0.025 0.432331 0 -140.694 0
Cup 01 Desk 0.1222 0.320574 0.20126 0 0 0
LoudSpeaker 01 NightTable -0.0591993 0.290972 -0.0914678 0 -76.7405 0
Map 01 Cabinet 0.0571229 -0.02724 0.069201 0 180 0
Magazine 01 BedSheet -0.049028 0.0825195 -0.0716944 0 -367.2 0
Book 02 Desk -0.114788 0.345985 0.192379 0 0 0
PhotoFrame 02 Cabinet 0.106405 0.467965 -0.00846148 0 180 0
Flower 02 NightTable -0.0519973 0.350181 0.0840058 0 -74.697 0
Clock 02 Cabinet -0.0453477 0.210094 -0.0926132 0 180 0
Plant 02 Cabinet -0.0150275 -0.294876 0.111873 0 180 0
GiftBox 02 Cabinet 0.00969887 -0.541144 -0.178499 0 180 0
Magazine 02 FloorProxy -0.786986 0.005 0.504527 0 -85.5596 0
Doll 03 BedSheet 0.187506 0.1569 0.113541 0 -135.65 0
Flower 03 Window -0.0634356 0.84408 -0.0471518 0 270 0
Figurine 03 Cabinet -0.0422862 -0.0522245 -0.078974 0 180 0
GiftBox 03 Cabinet 0.00949097 -0.540629 0.144015 0 180 0
Notebook 03 Desk 0.0590855 0.270574 -0.0158036 0 0 0
Magazine 03 FloorProxy -0.0333993 0.005 -0.0273018 0 -50.5524 0
