Book 01 Cabinet -0.0490572 0.492965 0.00818872 0 180 0
PhotoFrame 01 Cabinet 0.027946 0.210094 0.229088 0 180 0
Flower 01 NightTable 0.0368767 0.350181 0.0464843 0 -61.7533 0
Figurine 01 Desk 0.177477 0.320574 -0.236154 0 0 0
Plant 01 Desk -0.0664143 0.318991 -0.246216 0 0 0
GirlShoe 01 Cabinet -0.041986 -0.325949 0.158539 0 180 0
Handbag 01 Desk 0.102993 0.40333 -0.143939 0 0 0
Notebook 01 Desk 0.113362 0.270574 0.0654445 0 0 0
Cup 01 Desk -0.132676 0.320574 0.0963211 0 0 0
Lamp 02 Desk 0.0650578 0.442475 0.309754 0 0 0
PhotoFrame 02 Desk -0.0112767 0.320574 0.0162435 0 0 0
Flower 02 NightTable -0.0540882 0.350181 -0.0441991 0 -51.3489 0
Figurine 02 Desk 0.0265136 0.320574 0.184083 0 0 0
Clock 01 NightTable 0.0948611 0.275181 -0.0238606 0 -48.4622 0
GiftBox 02 Cabinet 0.0105155 -0.0531153 -0.101046 0 180 0
GirlShoe 02 Cabinet 0.00894046 -0.342711 -0.000132322 0 180 0
Notebook 02 FloorProxy 0.56784 0.0250001 -0.186141 0 -61.3083 0
Doll 03 BedSheet -0.0750401 0.1569 0.384502 0 -475.942 0
Figurine 03 Cabinet -0.000245333 0.210469 0.0466409 0 180 0
Clock 02 Cabinet 0.0717423 0.467965 0.00449729 0 180 0
GiftBox 03 Cabinet 0.00167203 -0.0525995 0.158154 0 180 0
GirlShoe 03 Cabinet -0.0166812 -0.587463 0.136791 0 180 0
Notebook 03 BedSheet 0.0249145 0.10252 -0.124992 0 -469.387 0
