Book 05 Cabinet -0.0300009 0.499347 0.0101256 0 180 0
PhotoFrame 01 Cabinet 0.0970333 0.467965 0.00521779 0 180 0
Figurine 01 Cabinet 0.0161514 -0.31047 -0.0600512 0 180 0
Clock 03 NightTable -0.0536593 0.275181 0.106657 0 -79.9651 0
Handbag 02 Desk -0.114521 0.373061 0.222365 0 0 0
Notebook 02 Desk 0.0757564 0.270574 -0.0460825 0 0 0
Cup 03 Desk 0.126043 0.290358 0.116713 0 0 0
Lamp 03 Desk 0.0698309 0.446273 0.311951 0 0 0
Book 01 Desk -0.11524 0.345574 -0.157026 0 0 0
PhotoFrame 03 Window -0.0664308 0.76908 -1.08402 0 270 0
Doll 04 FloorProxy -0.342009 0.150191 0.128623 0 -54.134 0
Flower 05 Window -0.0626962 0.844582 -0.117843 0 270 0
Figurine 01 NightTable -0.0652836 0.275181 -0.11343 0 -63.7858 0
Clock 02 Cabinet -0.072793 0.210094 0.143378 0 180 0
GiftBox 05 Cabinet -0.0423515 -0.579586 -0.0523279 0 180 0
GirlShoe 01 FloorProxy -0.525141 0.0595208 -0.0847318 0 -63.0992 0
Notebook 01 FloorProxy 0.625482 0.036 0.112489 0 -63.8426 0
Cup 02 NightTable 0.0583766 0.255156 -0.098402 0 -83.4986 0
PhotoFrame 02 Window -0.0492446 0.76908 0.811934 0 270 0
Doll 03 BedSheet -0.0768133 0.1469 -0.347965 0 -435.259 0
Flower 06 Window -0.0427878 0.875432 0.0212183 0 270 0
Figurine 03 Cabinet -0.0685983 -0.0522245 0.153353 0 180 0
Notebook 01 BedSheet -0.0126699 0.10252 -0.0535947 0 -433.764 0
