PhotoFrame 02 Desk -0.113918 0.320574 -0.0412288 0 0 0
Doll 04 FloorProxy -0.32609 0.150191 -0.501724 0 -90.8185 0
Figurine 03 Desk 0.00566725 0.320949 -0.180309 0 0 0
Flower 07 Desk 0.0872754 0.336049 -0.366199 0 0 0
Clock 03 NightTable -0.033069 0.275181 0.0356553 0 -81.9701 0
Plant 04 Desk -0.110515 0.297008 -0.294836 0 0 0
GiftBox 04 Cabinet 0.0174963 0.238831 0.168575 0 180 0
GirlShoe 02 Cabinet 0.000251055 -0.572869 0.0911877 0 180 0
Notebook 03 Desk 0.011851 0.270574 -0.0413504 0 0 0
Cup 04 Desk 0.0637074 0.295527 0.107634 0 0 0
Book 02 Cabinet -0.0482557 0.493376 0.0039196 0 180 0
PhotoFrame 01 Desk -0.0116063 0.320574 0.125062 0 0 0
Doll 01 BedSheet -0.336874 0.22752 -0.0515058 0 -390.254 0
Flower 06 Window -0.0394207 0.875432 -0.0198345 0 270 0
Clock 01 Cabinet 0.0789485 0.467965 -0.00440383 0 180 0
Plant 03 Cabinet 0.0227127 0.231965 -0.100815 0 180 0
GiftBox 05 Cabinet -0.013824 -0.0915572 0.132848 0 180 0
Notebook 01 FloorProxy -0.236241 0.025 0.263436 0 -148.469 0
Cup 03 NightTable 0.101847 0.244965 0.0210538 0 -45.8446 0
Lamp 02 Desk 0.0620532 0.442475 0.303223 0 0 0
PhotoFrame 01 NightTable 0.000639632 0.275181 -0.0779598 0 -68.2121 0
Doll 02 BedSheet -0.348766 0.22752 0.602981 0 -479.846 0
Figurine 01 NightTable -0.0658326 0.275181 -0.0764129 0 -68.1393 0
GiftBox 06 Cabinet 0.0327795 -0.0283223 -0.159929 0 180 0
GirlShoe 01 Cabinet 0.0420527 -0.325949 0.209728 0 180 0
