Doll FloorProxy -0.383286 0.15 0.560334 0 -69.7461 0
Figurine NightTable -0.000518143 0.275181 -0.118001 0 0 0
Book Cabinet -0.0502193 0.492965 -0.0117886 0 180 0
Flower Desk -0.0663663 0.345574 0.333278 0 0 0
PhotoFrame Desk 0.0502637 0.320574 -0.418718 0 0 0
GiftBox Desk -0.0600177 0.320506 -0.284638 0 0 0
Magazine Cabinet 0.0504792 0.397965 -0.00863385 0 180 0
Clock NightTable -0.0664531 0.275181 -0.0675036 0 0 0
Notebook Desk 0.0568127 0.270574 -0.0936341 0 0 0
BalletShoe FloorProxy 0.142607 0.0207399 0.363265 0 -96.2386 0
Telephone NightTable 0.00764291 0.224285 0.070303 0 0 0
Cup NightTable 0.0758448 0.275181 -0.0291955 0 0 0
Figurine Cabinet 0.0462873 -0.0525995 0.197041 0 180 0
Book Desk -0.12055 0.345985 0.162516 0 0 0
PhotoFrame WallPhoto 0.00534666 0.57519 -0.00370789 0 0 0
GiftBox Cabinet -0.00525141 -0.310986 -0.0962751 0 180 0
Bear BedSheet 0.261422 0.277775 0.10093 0 0 0
Clock Cabinet 0.0687125 0.210094 -0.117512 0 180 0
Plant Desk 0.0754649 0.318991 0.2146 0 0 0
Telephone Cabinet -0.0584679 0.138403 0.186857 0 180 0
Figurine Closet 0.0952237 0.725055 -0.246403 0 180 0
Flower Cabinet 0.0614483 -0.0275995 -0.128424 0 180 0
PhotoFrame NightTable 0.0694062 0.275181 -0.132407 0 0 0
Magazine FloorProxy 0.608738 0.005 0.000803709 0 -134.531 0
