Doll BedSheet 0.272948 0.22752 -0.0340414 0 0 0
Figurine NightTable -0.0965077 0.275181 -0.133846 0 0 0
Book Desk -0.1 0.345574 0.101244 0 0 0
Flower NightTable 0.0094935 0.300181 -0.105114 0 0 0
PhotoFrame Closet 0.140452 0.72468 0.0753083 0 180 0
GiftBox Cabinet 0.00653028 -0.310538 -0.144184 0 180 0
Magazine NightTable 0.014482 0.205181 0.0597441 0 0 0
Plant FloorProxy 0.0826912 0.0734174 0.53294 0 -82.1903 0
Cup Desk 0.1187 0.320574 0.212749 0 0 0
Laptop Desk 0.092768 0.34572 -0.0198298 0 0 0
Lamp Desk 0.0621823 0.446273 -0.32781 0 0 0
Figurine Cabinet -0.0210176 -0.0525995 -0.177448 0 180 0
Flower Desk 0.0806255 0.345574 0.320734 0 0 0
PhotoFrame Cabinet -0.0372024 0.210094 -0.128052 0 180 0
GiftBox BedSheet -0.0218097 0.152004 0.481055 0 0 0
Bear BedSheet -0.0213449 0.277775 0.0467331 0 0 0
Magazine Cabinet 0.022202 0.397965 -0.0348878 0 180 0
Clock Cabinet 0.0161054 0.210094 0.00979638 0 180 0
Notebook Desk -0.140689 0.270574 -0.32919 0 0 0
BalletShoe FloorProxy -0.26168 0.0207399 0.000638247 0 -44.2131 0
Telephone Cabinet -0.0067122 0.396274 0.16205 0 180 0
Doll FloorProxy -0.20884 0.15 -0.16688 0 -64.011 0
Flower Cabinet 0.0642197 -0.0275995 -0.0752103 0 180 0
PhotoFrame WallPhoto -0.0047225 0.57519 0.104225 0 0 0
GiftBox Window -0.0533369 0.76908 0.458888 0 270 0
Magazine FloorProxy 0.122869 0.005 -0.00372219 0 -76.2941 0
