Flower 07 CoffeeTable -0.421626 0.285941 0.0297029 0 270 0
StackBoox 02 SideTable 0.127528 0.25095 0.115436 0 270 0
Candle 03 Dresser 0.129416 0.424929 0.427303 0 180 0
Goblet 01 CoffeeTable -0.482703 0.320316 -0.148458 0 270 0
PhotoFrame 01 SideTable -0.0398257 0.299944 0.102408 0 270 0
Lamp 01 Dresser 0.0349507 0.603989 -0.555278 0 180 0
Figurine 03 Cabinet 0.0189362 0.461665 0.130099 0 270 0
Plant 05 Cabinet -0.00490093 -0.193283 0.119179 0 270 0
Vase 02 SideTable 0.122414 0.324944 -0.0522897 0 270 0
CrystalBall 02 Dresser 0.0827136 0.472625 -0.132263 0 180 0
Cup 03 CoffeeTable -0.0329281 0.240249 0.0976076 0 270 0
Magazine 02 CoffeeTable -0.179295 0.200465 -0.161118 0 270 0
GiftBox 01 Dresser 0.0486898 0.478223 0.169343 0 180 0
TeaSet 01 CoffeeTable 0.333516 0.295665 -0.138543 0 270 0
Mirror 01 SideTable -0.133998 0.324944 0.0371045 0 270 0
BalletShoe 01 FloorProxy -0.295846 0.0207399 -0.173262 0 -52.5446 0
Flower 01 CoffeeTable -0.160966 0.345465 0.164753 0 270 0
Candle 04 CoffeeTable 0.507722 0.3944 0.175987 0 270 0
PhotoFrame 03 Dresser -0.0883317 0.47829 -0.101464 0 180 0
Lamp 03 SideTable 0.0646255 0.421905 -0.142214 0 270 0
Figurine 01 SideTable -0.0802355 0.299944 -0.115009 0 270 0
Plant 04 CoffeeTable -0.353299 0.246899 0.201902 0 270 0
Vase 01 Cabinet -0.213794 0.12135 0.0704786 0 270 0
Cup 04 SideTable -0.0397315 0.274898 0.171048 0 270 0
Magazine 03 CoffeeTable 0.195253 0.200465 0.11439 0 270 0
GiftBox 05 Cabinet 0.17004 -0.670853 0.0419491 0 270 0
Book 01 Cabinet -0.0247478 0.48629 -0.0784372 0 270 0
Telephone 01 CoffeeTable 0.00612569 0.219569 -0.189368 0 270 0
