Flower 01 CoffeeTable 0.451086 0.345465 0.183713 0 90 0
StackBoox 03 CoffeeTable 0.348953 0.241898 -0.126595 0 90 0
Candle 02 CoffeeTable 0.0196798 0.231754 0.199594 0 90 0
PhotoFrame 02 Cabinet -0.1293684 0.46129 0.126585 0 270 0
Goblet 03 FloorProxy 1.53469 0.141253 -0.741517 0 -79.2312 0
Figurine 02 Cabinet 0.1244436 0.46129 0.0257904 0 270 0
Plant 03 Cabinet 0.00401545 -0.245629 -0.000439405 0 270 0
Vase 01 SideTable -0.0110073 -0.0612191 -0.0268562 0 270 0
CrystalBall 03 CoffeeTable -0.363361 0.294797 0.218364 0 90 0
Cup 04 SideTable -0.0709648 0.274898 0.0948367 0 270 0
Magazine 01 CoffeeTable -0.0833392 0.200465 -0.00361943 0 90 0
GiftBox 04 Dresser 0.055357 0.453737 -0.197689 0 180 0
Book 03 Cabinet -0.0311646 0.486484 -0.0937245 0 270 0
Telephone 02 CoffeeTable 0.124331 0.198775 0.186285 0 90 0
Laptop 01 SideTable -0.0404663 0.32509 -0.0700559 0 270 0
Flower 04 CoffeeTable 0.278651 0.286443 0.151164 0 90 0
Candle 04 CoffeeTable -0.581873 0.3944 0.189286 0 90 0
PhotoFrame 01 Dresser -0.109087 0.425 0.0375946 0 180 0
Lamp 02 Dresser 0.0103292 0.546901 0.344131 0 180 0
Figurine 03 SideTable 0.156208 0.300319 -0.13214 0 270 0
Plant 05 Cabinet -0.098875 0.171112 0.00545146 0 270 0
Vase 02 SideTable -0.0146022 -0.0606741 0.0330684 0 270 0
Cup 02 CoffeeTable 0.0174193 0.250441 -0.178307 0 90 0
GiftBox 06 Cabinet -0.00134182 -0.607618 0.000369921 0 270 0
Telephone 01 SideTable 0.155789 0.249048 0.0563068 0 270 0
Flower 07 CoffeeTable -0.389369 0.285941 0.0467932 0 90 0
Candle 01 Dresser 0.056603 0.471753 -0.0355945 0 180 0
PhotoFrame 02 Dresser -0.131997 0.425 -0.137518 0 180 0
Figurine 01 Cabinet 0.0154285 0.0968948 -0.000558078 0 270 0
Vase 01 Cabinet 0.0819144 0.12135 0.092309 0 270 0
GiftBox 02 Dresser 0.0298586 0.424484 -0.41022 0 180 0
