Flower 06 CoffeeTable 0.283319 0.376817 -0.0311966 0 90 0
StackBoox 01 SideTable -0.10468 -0.117978 0.0757899 0 270 0
PhotoFrame 01 Dresser -0.0967393 0.425 -0.271506 0 180 0
Goblet 04 CoffeeTable -0.327084 0.346548 0.186709 0 90 0
Figurine 01 SideTable 0.138374 0.299944 -0.17584 0 270 0
Plant 04 Cabinet -0.103539 0.0733287 -0.0127343 0 270 0
Vase 01 Cabinet 0.0230365 -0.243045 -0.00323088 0 270 0
CrystalBall 02 Dresser 0.0576396 0.419335 -0.173116 0 180 0
Cup 01 CoffeeTable 0.122095 0.270465 -0.00646198 0 90 0
GiftBox 04 Cabinet 0.00104475 -0.603158 0.000829637 0 270 0
TeaSet 01 CoffeeTable -0.315786 0.295665 -0.129997 0 90 0
Telephone 01 SideTable -0.128037 0.249048 0.00491649 0 270 0
Laptop 02 CoffeeTable -0.09737 0.295576 0.168964 0 90 0
Flower 07 Dresser -0.0126448 0.440475 0.0331082 0 180 0
Candle 01 CoffeeTable 0.0268064 0.317218 -0.0422109 0 90 0
PhotoFrame 02 Cabinet -0.118772 0.46129 0.0016796 0 270 0
Lamp 02 Dresser -0.0042243 0.546901 -0.466178 0 180 0
Figurine 02 Cabinet -0.0231957 0.46129 -0.0691048 0 270 0
Plant 02 CoffeeTable 0.510622 0.28606 -0.11828 0 90 0
Vase 01 Cabinet 0.0258718 -0.243045 0.0568965 0 270 0
Cup 02 SideTable 0.00280762 0.279919 0.173017 0 270 0
GiftBox 07 Dresser 0.0270739 0.378709 0.477282 0 180 0
Candle 03 CoffeeTable 0.248695 0.217104 0.0915582 0 90 0
PhotoFrame 03 Cabinet 0.10294 0.46129 0.0102058 0 270 0
Figurine 03 SideTable -0.149322 0.300319 -0.154114 0 270 0
Plant 05 Cabinet 0.0799479 0.171112 -0.0171508 0 270 0
Vase 02 Cabinet 0.0773511 0.121895 0.141438 0 270 0
Magazine 02 SideTable 0.0534818 0.229944 -0.0296044 0 270 0
GiftBox 03 Cabinet -0.187516 -0.2675 -0.0329076 0 270 0
