Flower 02 CoffeeTable 0.49934 0.345465 0.221471 0 90 0
StackBoox 02 CoffeeTable -0.230231 0.241898 -0.21497 0 90 0
Candle 02 CoffeeTable -0.210447 0.231754 0.244533 0 90 0
PhotoFrame 01 Cabinet -0.10948668 0.46129 0.120069 0 270 0
Goblet 02 CoffeeTable 0.00861239 0.286895 -0.201332 0 90 0
Lamp 01 SideTable -0.0858464 0.425643 -0.0723011 0 270 0
Figurine 03 Cabinet 0.0329094 0.0972698 -0.0678582 0 270 0
Plant 02 Cabinet 0.110335 -0.251906 0.00826965 0 270 0
Vase 02 SideTable -0.0218821 -0.0606741 -0.000672936 0 270 0
CrystalBall 03 CoffeeTable -0.598168 0.294797 0.0504394 0 90 0
Cup 01 SideTable 0.0679698 0.299944 0.153471 0 270 0
Magazine 02 CoffeeTable 0.47771 0.200465 -0.117392 0 90 0
GiftBox 03 Dresser 0.0404606 0.425 0.308267 0 180 0
Book 01 Cabinet -0.0291762 0.48629 -0.0937566 0 270 0
TeaSet 01 CoffeeTable -0.219946 0.295665 0.0307665 0 90 0
Telephone 01 CoffeeTable -0.591856 0.219569 -0.167482 0 90 0
Laptop 02 CoffeeTable 0.256247 0.295576 -0.0116444 0 90 0
Flower 06 CoffeeTable -0.534135 0.376817 0.202957 0 90 0
PhotoFrame 02 Dresser -0.0785356 0.425 0.0613492 0 180 0
Lamp 02 Dresser -0.00227165 0.546901 -0.265521 0 180 0
Figurine 01 Cabinet 0.100326157 0.46129 0.0355782 0 270 0
Plant 04 Cabinet -0.0974236 -0.291066 0.00126797 0 270 0
GiftBox 02 Cabinet 0.11601 -0.632411 0.00330253 0 270 0
Telephone 02 SideTable -0.0747068 0.228253 0.127838 0 270 0
PhotoFrame 03 Dresser -0.0713973 0.425 -0.0846512 0 180 0
Figurine 01 SideTable 0.0747404 0.299944 -0.0465897 0 270 0
Plant 03 Cabinet -0.139557 0.118766 0.000685304 0 270 0
Vase 01 Cabinet 0.113968 0.12135 0.00573905 0 270 0
GiftBox 06 Cabinet -0.114501 -0.607618 -0.00276475 0 270 0
