Flower 01 CoffeeTable -0.56659 0.345465 0.148541 0 90 0
StackBoox 03 CoffeeTable 0.045537 0.241898 -0.0404781 0 90 0
Candle 02 CoffeeTable -0.132423 0.231754 0.240387 0 90 0
PhotoFrame 02 Cabinet -0.0110941 0.46129 0.110852 0 270 0
Goblet 03 FloorProxy 1.12475 0.141253 1.02724 0 -79.2312 0
Figurine 02 Cabinet 0.00631046 0.0968948 -0.0122136 0 270 0
Plant 03 Cabinet -0.00190973 -0.245629 0.000387028 0 270 0
Vase 01 SideTable 0.164682 0.324399 0.0713247 0 270 0
CrystalBall 03 CoffeeTable 0.2826 0.294797 0.0328498 0 90 0
Cup 04 SideTable 0.0334098 0.274898 0.062677 0 270 0
Magazine 01 CoffeeTable 0.499046 0.200465 -0.0503172 0 90 0
GiftBox 04 Dresser 0.0289311 0.453737 0.461875 0 180 0
Book 03 Cabinet -0.021946 0.486484 -0.0854153 0 270 0
Telephone 02 CoffeeTable -0.310519 0.198775 -0.18193 0 90 0
Laptop 01 SideTable 0.0371258 -0.0605279 0.0325338 0 270 0
Flower 04 CoffeeTable 0.508445 0.286443 0.156677 0 90 0
Candle 04 CoffeeTable 0.321392 0.3944 0.23483 0 90 0
PhotoFrame 01 Dresser -0.0738912 0.425 0.0688372 0 180 0
Lamp 02 Dresser 0.00447369 0.546901 -0.25816 0 180 0
Figurine 03 SideTable -0.146718 0.300319 -0.124618 0 270 0
Plant 05 Cabinet 0.154561 0.171112 -0.00570376 0 270 0
Vase 02 SideTable -0.1551 -0.0606741 0.00150841 0 270 0
Cup 02 CoffeeTable -0.197453 0.250441 -0.215619 0 90 0
Magazine 02 SideTable 0.112533 0.229944 -0.0837847 0 270 0
GiftBox 06 Cabinet -0.00010252 -0.607618 -0.00130861 0 270 0
Telephone 01 SideTable -0.116284 0.249048 0.0810837 0 270 0
Flower 07 CoffeeTable -0.36729 0.285941 0.185088 0 90 0
Candle 01 Dresser -0.0598087 0.471753 -0.555929 0 180 0
PhotoFrame 02 Dresser -0.101876 0.425 -0.0630314 0 180 0
Figurine 01 Cabinet -0.00201607 0.46129 0.036055 0 270 0
Vase 01 Cabinet -0.186753 0.12135 0.0151078 0 270 0
Magazine 03 CoffeeTable -0.458908 0.200465 -0.056296 0 90 0
GiftBox 02 Dresser 0.0284667 0.424484 0.24574 0 180 0
