Lamp 03 NightTable 0.0416779 0.447187 0.0660753 0 -47.6464 0
Book 01 Cabinet -0.0307854 0.48629 0.0924053 0 270 0
PhotoFrame 03 Cabinet 0.175159 0.46129 -0.0821986 0 270 0
MechanicalModel 02 NightTable 0.138088 0.350048 -0.0351028 0 -47.862 0
Football 01 NightTable -0.0998976 0.309241 -0.00678778 0 -58.1661 0
Plant 02 Cabinet -0.135608 0.112489 0.0483012 0 270 0
StackBoox 03 FloorProxy 0.746785 0.0464326 0.532123 0 -113.184 0
TrashBin 01 FloorProxy -0.832447 0.15033 0.67301 0 -111.95 0
Map 01 Cabinet 0.144524 0.122254 -0.0403781 0 270 0
Cap 01 BedSheet 0.346522 0.157411 -0.266775 0 -451.416 0
Backpack 02 FloorProxy -0.254176 0.14981 0.407655 0 -126.939 0
Guitar 01 FloorProxy -1.04723 0.0659785 -0.0797082 0 -62.0957 0
Handbag 01 Cabinet 0.141783 0.179651 0.0890532 0 270 0
GiftBox 02 Cabinet -0.142515 -0.268016 0.0251203 0 270 0
Lamp 02 SideTable -0.08138 0.411791 0.18432 0 0 0
PhotoFrame 01 SideTable 0.146463 0.28989 0.0486113 0 0 0
Plant 05 Cabinet 0.0657702 -0.193283 0.0139053 0 270 0
Telephone 02 Cabinet 0.0337842 0.389599 -0.0663376 0 270 0
Cap 02 BedSheet -0.432145 0.158425 -0.023268 0 -444.118 0
GiftBox 01 Cabinet 0.0725068 -0.631963 -0.0358455 0 270 0
Flower 04 SideTable 0.00317597 0.305867 -0.0204941 0 0 0
